#Fitted antenna positions - Wed Jan  6 17:11:16 2010                            
      0.0000      0.0000      0.0000      0.0000      0.0000      0.0000
      0.0000      0.0000      0.0000      0.0000      0.0000      0.0000
      0.0000      0.0000      0.0000      0.0000      0.0000      0.0000
      0.0000      0.0000      0.0000      0.0000      0.0000      0.0000
      0.0000      0.0000      0.0000      0.0000      0.0000      0.0000
      0.0000      0.0000      0.0000      0.0000      0.0000      0.0000
      0.0000      0.0000      0.0000      0.0000      0.0000      0.0000
      0.0000      0.0000      0.0000      0.0000      0.0000      0.0000
      0.0000      0.0000      0.0000      0.0000      0.0000      0.0000
      0.0000      0.0000      0.0000      0.0000      0.0000      0.0000
      0.0000      0.0000      0.0000      0.0000      0.0000      0.0000
      0.0000      0.0000      0.0000      0.0000      0.0000      0.0000
      0.0000      0.0000      0.0000      0.0000      0.0000      0.0000
      0.0000      0.0000      0.0000      0.0000      0.0000      0.0000
      0.0000      0.0000      0.0000      0.0000      0.0000      0.0000
     80.4711    -53.9828   -108.3257     -3.6822      0.0000      0.0000
   -448.1727  -1008.6695    642.1692      0.0000      0.0000      0.0000
    564.3281    307.0826   -749.2552      0.1154      0.0000      0.0000
   -223.2335  -1589.5082    421.2110      0.9623      0.0000      0.0000
   -581.6151    561.4493    785.4199      1.5697      0.0000      0.0000
    373.9628  -1661.1832   -351.6797     -0.5725      0.0000      0.0000
    361.4104   -819.4161   -445.7326      1.7357      0.0000      0.0000
  -1195.6924   -869.3580   1633.4391      0.3042      0.0000      0.0000
