#Fitted antenna positions - Fri Dec  4 12:28:18 2009                            
      0.0000      0.0000      0.0000      0.0000      0.0000      0.0000
      0.0000      0.0000      0.0000      0.0000      0.0000      0.0000
      0.0000      0.0000      0.0000      0.0000      0.0000      0.0000
      0.0000      0.0000      0.0000      0.0000      0.0000      0.0000
      0.0000      0.0000      0.0000      0.0000      0.0000      0.0000
      0.0000      0.0000      0.0000      0.0000      0.0000      0.0000
      0.0000      0.0000      0.0000      0.0000      0.0000      0.0000
      0.0000      0.0000      0.0000      0.0000      0.0000      0.0000
      0.0000      0.0000      0.0000      0.0000      0.0000      0.0000
      0.0000      0.0000      0.0000      0.0000      0.0000      0.0000
      0.0000      0.0000      0.0000      0.0000      0.0000      0.0000
      0.0000      0.0000      0.0000      0.0000      0.0000      0.0000
      0.0000      0.0000      0.0000      0.0000      0.0000      0.0000
      0.0000      0.0000      0.0000      0.0000      0.0000      0.0000
      0.0000      0.0000      0.0000      0.0000      0.0000      0.0000
     77.6016    -18.5125   -104.4054     -2.7708      0.0000      0.0000
     54.8606    -15.1292    -73.6263      0.9755      0.0000      0.0000
     23.1058    159.8322    -30.2725      0.0000      0.0000      0.0000
    -54.7225    -85.4674     74.6689      2.9759      0.0000      0.0000
     53.0266      9.7906    -71.1467     -1.2067      0.0000      0.0000
     84.4924      7.0597   -113.8218     -1.0938      0.0000      0.0000
     66.5369    -29.9385    -89.5328     -2.9049      0.0000      0.0000
     70.5731      4.1718    -95.3581      2.0700      0.0000      0.0000
