J501 627776.98 7453227.48 1 1
J502 627768.98 7453223.59 1 1
J503 627776.05 7453217.92 1 1
J504 627789.03 7453222.62 1 1
J505 627759.71 7453231.78 1 1
J506 627761.87 7453217.76 1 1
J507 627788.06 7453232.23 1 0
J508 627775.84 7453237.03 1 0
J509 627766.99 7453237.12 1 0
J510 627766.39 7453209.26 1 0
J511 627774.24 7453205.00 1 0
J512 627784.17 7453214.31 1 0
N601 627788.06 7453240.30 0 1
N602 627775.84 7453245.10 0 1
N603 627766.99 7453245.20 0 1
N604 627766.39 7453201.17 0 1
N605 627776.33 7453197.20 0 1
N606 627785.90 7453206.33 0 1
