#| freq | tb |
#|  r   |  r |
#| GHz  |  K |
  30.0  144.99
  30.1  145.12
  30.3  145.25
  30.4  145.38
  30.6  145.50
  30.7  145.63
  30.9  145.75
  31.0  145.87
  31.2  145.98
  31.3  146.10
  31.5  146.21
  31.6  146.32
  31.8  146.43
  31.9  146.54
  32.1  146.65
  32.2  146.76
  32.4  146.86
  32.5  146.97
  32.7  147.07
  32.8  147.17
  33.0  147.27
  33.1  147.37
  33.3  147.47
  33.4  147.56
  33.6  147.66
  33.7  147.76
  33.9  147.85
  34.0  147.94
  34.5  148.22
  34.6  148.31
  34.8  148.40
  34.9  148.49
  35.1  148.58
  35.2  148.66
  35.4  148.75
  35.5  148.84
  35.7  148.92
  35.8  149.00
  36.0  149.09
  36.1  149.17
  36.3  149.25
  36.4  149.34
  36.6  149.42
  36.7  149.50
  36.9  149.58
  37.0  149.66
  37.2  149.74
  37.3  149.81
  37.5  149.89
  37.6  149.97
  37.8  150.05
  37.9  150.12
  38.1  150.20
  38.2  150.27
  38.4  150.35
  38.5  150.42
  38.7  150.49
  38.8  150.57
  39.0  150.64
  39.1  150.71
  39.3  150.78
  39.4  150.85
  39.6  150.93
  39.7  151.00
  39.9  151.07
  40.0  151.13
  40.5  151.34
  40.6  151.41
  40.8  151.47
  40.9  151.54
  41.1  151.61
  41.2  151.67
  41.4  151.74
  41.5  151.80
  41.7  151.87
  41.8  151.93
  42.0  152.00
  42.1  152.06
  42.3  152.12
  42.4  152.19
  42.6  152.25
  42.7  152.31
  42.9  152.37
  43.0  152.43
  43.2  152.50
  43.3  152.56
  43.5  152.62
  43.6  152.68
  43.8  152.74
  43.9  152.79
  44.1  152.85
  44.2  152.91
  44.4  152.97
  44.5  153.03
  44.7  153.08
  44.8  153.14
  45.0  153.20
  45.1  153.26
  45.3  153.31
  45.4  153.37
  45.6  153.42
  45.7  153.48
  45.9  153.53
  46.0  153.59
  46.2  153.64
  46.3  153.70
  46.8  153.86
  46.9  153.91
  47.1  153.96
  47.2  154.01
  47.4  154.06
  47.5  154.12
  47.7  154.17
  47.8  154.22
  48.0  154.27
  48.1  154.32
  48.3  154.37
  48.4  154.42
  48.6  154.47
  48.7  154.52
  48.9  154.57
  49.0  154.62
  49.2  154.66
  49.3  154.71
  49.5  154.76
  49.6  154.81
  49.8  154.86
  49.9  154.90
  50.1  154.95
  50.2  155.00
  50.4  155.04
  50.5  155.09
  50.7  155.14
  50.8  155.18
  51.0  155.23
  51.1  155.27
  51.3  155.32
  51.4  155.36
  51.6  155.41
  51.7  155.45
  51.9  155.50
  52.0  155.54
  52.2  155.58
  52.3  155.63
  52.5  155.67
  52.6  155.71
  52.8  155.76
  52.9  155.80
  53.1  155.84
  53.2  155.88
  53.4  155.92
  53.5  155.97
  53.7  156.01
  53.8  156.05
  54.0  156.09
  54.1  156.13
  54.3  156.17
  54.4  156.21
  54.6  156.25
  54.7  156.29
  54.9  156.33
  55.0  156.37
  55.2  156.41
  55.3  156.45
  55.5  156.49
  55.6  156.53
  55.8  156.57
  55.9  156.61
  56.1  156.64
  56.2  156.68
  56.4  156.72
  56.5  156.76
  56.7  156.79
  56.8  156.83
  57.0  156.87
  57.1  156.91
  57.3  156.94
  57.4  156.98
  57.6  157.02
  58.3  157.20
  58.5  157.23
  58.6  157.27
  58.8  157.30
  58.9  157.34
  59.1  157.37
  59.2  157.41
  59.4  157.44
  59.5  157.47
  59.7  157.51
  59.8  157.54
  60.0  157.58
  60.1  157.61
  60.3  157.64
  60.4  157.68
  60.6  157.71
  60.7  157.74
  60.9  157.77
  61.0  157.81
  61.2  157.84
  61.3  157.87
  61.5  157.90
  61.6  157.94
  61.8  157.97
  61.9  158.00
  62.1  158.03
  62.2  158.06
  62.4  158.10
  62.5  158.13
  62.7  158.16
  62.8  158.19
  63.0  158.22
  63.1  158.25
  63.3  158.28
  63.4  158.31
  63.6  158.34
  63.7  158.37
  63.9  158.40
  64.0  158.43
  64.2  158.46
  64.3  158.49
  64.5  158.52
  64.6  158.55
  64.8  158.58
  64.9  158.61
  65.1  158.64
  65.2  158.66
  65.4  158.69
  65.5  158.72
  65.7  158.75
  65.8  158.78
  66.0  158.81
  66.1  158.83
  66.3  158.86
  66.4  158.89
  66.6  158.92
  66.7  158.95
  66.9  158.97
  67.0  159.00
  67.2  159.03
  67.3  159.05
  67.5  159.08
  67.6  159.11
  67.8  159.14
  67.9  159.16
  68.1  159.19
  68.2  159.21
  68.4  159.24
  68.5  159.27
  68.7  159.29
  68.8  159.32
  69.0  159.35
  69.1  159.37
  69.3  159.40
  69.4  159.42
  69.6  159.45
  69.7  159.47
  69.9  159.50
  70.0  159.52
  70.2  159.55
  70.3  159.57
  70.5  159.60
  70.6  159.62
  70.8  159.65
  70.9  159.67
  71.1  159.70
  71.2  159.72
  71.4  159.74
  71.5  159.77
  71.7  159.79
  71.8  159.82
  72.0  159.84
  72.1  159.86
  72.2  159.89
  72.4  159.91
  72.5  159.93
  72.7  159.96
  72.8  159.98
  73.0  160.00
  73.1  160.03
  73.3  160.05
  73.4  160.07
  73.6  160.10
  73.7  160.12
  73.9  160.14
  74.0  160.16
  74.2  160.19
  74.3  160.21
  74.5  160.23
  74.6  160.25
  74.8  160.27
  74.9  160.30
  75.1  160.32
  75.2  160.34
  75.4  160.36
  75.5  160.38
  75.7  160.40
  75.8  160.43
  76.0  160.45
  76.1  160.47
  76.3  160.49
  76.4  160.51
  76.6  160.53
  76.7  160.55
  76.9  160.57
  77.0  160.59
  77.2  160.62
  77.3  160.64
  77.5  160.66
  77.6  160.68
  77.8  160.70
  77.9  160.72
  78.1  160.74
  78.2  160.76
  78.4  160.78
  78.5  160.80
  78.7  160.82
  78.8  160.84
  79.0  160.86
  79.1  160.88
  79.3  160.90
  79.4  160.92
  79.6  160.94
  79.7  160.96
  79.9  160.98
  80.0  160.99
  80.2  161.01
  80.3  161.03
  80.5  161.05
  80.6  161.07
  80.8  161.09
  80.9  161.11
  81.1  161.13
  81.2  161.15
  81.4  161.16
  81.5  161.18
  81.7  161.20
  81.8  161.22
  82.0  161.24
  82.1  161.26
  82.3  161.27
  82.4  161.29
  82.6  161.31
  82.7  161.33
  82.9  161.35
  83.0  161.36
  83.2  161.38
  83.3  161.40
  83.5  161.42
  83.6  161.44
  83.8  161.45
  83.9  161.47
  84.1  161.49
 107.8  163.62
 108.4  163.66
 108.5  163.67
 109.6  163.74
 109.7  163.75
 111.7  163.88
 111.8  163.89
 112.9  163.96
 113.5  163.99
 114.1  164.03
 115.1  164.09
 120.5  164.40
 121.0  164.42
 122.5  164.50
 128.5  164.79
 130.9  164.90
 134.0  165.04
 134.2  165.05
 134.3  165.05
 134.5  165.06
 134.6  165.06
 134.8  165.07
 134.9  165.08
 135.1  165.08
 135.2  165.09
 135.4  165.09
 135.5  165.10
 135.7  165.11
 135.8  165.11
 136.0  165.12
 136.1  165.13
 136.3  165.13
 136.4  165.14
 136.6  165.14
 136.7  165.15
 136.9  165.15
 137.0  165.16
 137.2  165.17
 137.3  165.17
 137.5  165.18
 137.6  165.18
 137.8  165.19
 137.9  165.20
 138.1  165.20
 138.5  165.22
 138.7  165.23
 138.8  165.23
 139.0  165.24
 139.1  165.24
 139.3  165.25
 139.4  165.25
 139.6  165.26
 139.7  165.26
 139.9  165.27
 140.0  165.28
 140.2  165.28
 140.3  165.29
 140.5  165.29
 140.6  165.30
 140.8  165.30
 140.9  165.31
 141.1  165.31
 141.2  165.32
 141.4  165.33
 141.5  165.33
 141.7  165.34
 141.8  165.34
 142.0  165.35
 142.1  165.35
 142.3  165.36
 142.4  165.36
 142.6  165.37
 142.7  165.37
 142.9  165.38
 143.0  165.39
 143.2  165.39
 143.3  165.40
 143.5  165.40
 143.6  165.41
 143.8  165.41
 143.9  165.42
 144.1  165.42
 144.2  165.43
 144.4  165.43
 144.5  165.44
 144.6  165.44
 144.8  165.45
 144.9  165.45
 145.1  165.46
 145.2  165.46
 145.4  165.47
 145.5  165.47
 145.7  165.48
 145.8  165.48
 146.0  165.49
 146.1  165.49
 146.3  165.50
 146.4  165.50
 146.6  165.51
 146.7  165.51
 146.9  165.52
 147.0  165.52
 147.2  165.53
 147.3  165.53
 147.5  165.54
 147.6  165.54
 147.8  165.55
 147.9  165.55
 148.1  165.56
 148.2  165.56
 148.4  165.57
 148.5  165.57
 148.7  165.58
 148.8  165.58
 149.0  165.59
 149.1  165.59
 149.3  165.60
 149.4  165.60
 149.6  165.61
 149.7  165.61
 149.9  165.61
 150.0  165.62
 150.2  165.62
 150.3  165.63
 150.5  165.63
 150.6  165.64
 150.8  165.64
 150.9  165.65
 151.1  165.65
 151.2  165.66
 151.4  165.66
 151.5  165.66
 151.7  165.67
 151.8  165.67
 152.0  165.68
 152.1  165.68
 152.3  165.69
 152.4  165.69
 152.6  165.70
 152.7  165.70
 152.9  165.71
 153.0  165.71
 153.2  165.71
 153.3  165.72
 153.5  165.72
 153.6  165.73
 153.8  165.73
 153.9  165.74
 154.4  165.75
 154.5  165.75
 154.7  165.76
 154.8  165.76
 155.0  165.77
 155.1  165.77
 155.3  165.77
 155.4  165.78
 155.6  165.78
 155.7  165.79
 155.9  165.79
 156.0  165.79
 156.2  165.80
 156.3  165.80
 156.5  165.81
 156.6  165.81
 156.8  165.82
 156.9  165.82
 157.1  165.82
 157.2  165.83
 157.4  165.83
 157.5  165.84
 157.7  165.84
 157.8  165.84
 158.0  165.85
 158.1  165.85
 158.3  165.86
 158.4  165.86
 158.6  165.86
 158.7  165.87
 158.9  165.87
 159.0  165.88
 159.2  165.88
 159.3  165.88
 159.5  165.89
 159.9  165.90
 160.1  165.90
 160.2  165.91
 160.4  165.91
 160.5  165.91
 160.7  165.92
 160.8  165.92
 161.0  165.93
 161.1  165.93
 161.3  165.93
 161.4  165.94
 161.6  165.94
 161.7  165.94
 161.9  165.95
 162.0  165.95
 162.2  165.96
 162.3  165.96
 162.5  165.96
 162.6  165.97
 162.8  165.97
 162.9  165.97
 163.1  165.98
 163.2  165.98
 163.4  165.99
 163.5  165.99
 163.7  165.99
 163.8  166.00
 164.0  166.00
 164.1  166.00
 164.3  166.01
 164.4  166.01
 164.6  166.01
 164.7  166.02
 164.9  166.02
 165.0  166.02
 165.2  166.03
 165.3  166.03
 165.5  166.03
 165.6  166.04
 165.8  166.04
 165.9  166.04
 166.1  166.05
 166.2  166.05
 166.7  166.06
 166.8  166.06
 167.0  166.07
 167.1  166.07
 167.3  166.07
 167.4  166.08
 167.6  166.08
 167.7  166.08
 167.9  166.09
 168.0  166.09
 168.2  166.09
 168.3  166.10
 168.5  166.10
 168.6  166.10
 168.8  166.11
 168.9  166.11
 169.1  166.11
 169.2  166.12
 169.4  166.12
 169.5  166.12
 169.7  166.13
 169.8  166.13
 170.0  166.13
 170.1  166.14
 170.3  166.14
 170.4  166.14
 170.6  166.15
 170.7  166.15
 170.9  166.15
 171.0  166.15
 171.2  166.16
 171.3  166.16
 171.5  166.16
 171.6  166.17
 171.8  166.17
 171.9  166.17
 172.1  166.18
 172.2  166.18
 172.4  166.18
 172.5  166.18
 172.7  166.19
 172.8  166.19
 173.0  166.19
 173.1  166.20
 173.3  166.20
 173.4  166.20
 173.6  166.21
 173.7  166.21
 173.9  166.21
 174.6  166.23
 174.8  166.23
 174.9  166.23
 175.1  166.23
 175.2  166.24
 175.4  166.24
 175.5  166.24
 175.7  166.25
 175.8  166.25
 176.0  166.25
 176.1  166.25
 176.3  166.26
 176.4  166.26
 176.6  166.26
 176.7  166.27
 176.9  166.27
 177.0  166.27
 177.2  166.27
 177.3  166.28
 177.5  166.28
 177.6  166.28
 177.8  166.28
 177.9  166.29
 178.1  166.29
 178.2  166.29
 178.4  166.29
 178.5  166.30
 178.7  166.30
 178.8  166.30
 179.0  166.31
 179.1  166.31
 179.3  166.31
 179.4  166.31
 179.6  166.32
 179.7  166.32
 179.9  166.32
 180.0  166.32
 180.2  166.33
 180.3  166.33
 180.5  166.33
 180.6  166.33
 180.8  166.34
 180.9  166.34
 181.1  166.34
 181.2  166.34
 181.4  166.35
 181.5  166.35
 181.7  166.35
 181.8  166.35
 182.0  166.36
 182.1  166.36
 182.3  166.36
 182.4  166.36
 182.6  166.37
 182.7  166.37
 182.9  166.37
 183.0  166.37
 183.2  166.38
 183.3  166.38
 183.5  166.38
 183.6  166.38
 183.8  166.38
 183.9  166.39
 184.1  166.39
 184.2  166.39
 184.4  166.39
 184.5  166.40
 184.7  166.40
 184.8  166.40
 185.0  166.40
 185.1  166.41
 185.3  166.41
 185.4  166.41
 185.6  166.41
 185.7  166.41
 185.9  166.42
 186.0  166.42
 186.2  166.42
 186.3  166.42
 186.5  166.43
 186.6  166.43
 186.8  166.43
 186.9  166.43
 187.1  166.43
 187.2  166.44
 187.4  166.44
 187.5  166.44
 187.7  166.44
 187.8  166.44
 188.0  166.45
 188.1  166.45
 188.3  166.45
 188.4  166.45
 188.6  166.45
 188.7  166.46
 188.9  166.46
 189.0  166.46
 189.2  166.46
 189.3  166.46
 189.5  166.47
 189.6  166.47
 189.8  166.47
 189.9  166.47
 190.1  166.47
 190.2  166.48
 190.4  166.48
 190.5  166.48
 190.7  166.48
 190.8  166.48
 191.0  166.49
 191.1  166.49
 191.3  166.49
 191.4  166.49
 191.6  166.49
 191.7  166.50
 191.9  166.50
 192.0  166.50
 192.2  166.50
 192.3  166.50
 192.5  166.51
 192.6  166.51
 192.8  166.51
 192.9  166.51
 193.1  166.51
 193.2  166.51
 193.4  166.52
 193.5  166.52
 193.7  166.52
 193.8  166.52
 194.0  166.52
 194.1  166.53
 194.3  166.53
 194.4  166.53
 194.6  166.53
 194.7  166.53
 194.9  166.53
 195.0  166.54
 195.2  166.54
 195.3  166.54
 195.5  166.54
 195.6  166.54
 195.8  166.54
 195.9  166.55
 196.1  166.55
 196.2  166.55
 196.4  166.55
 196.5  166.55
 196.7  166.56
 196.8  166.56
 197.0  166.56
 197.1  166.56
 197.3  166.56
 197.4  166.56
 197.6  166.57
 197.7  166.57
 197.9  166.57
 198.0  166.57
 198.2  166.57
 198.3  166.57
 198.5  166.58
 198.6  166.58
 198.8  166.58
 198.9  166.58
 199.1  166.58
 199.2  166.58
 199.4  166.58
 199.5  166.59
 199.7  166.59
 199.8  166.59
 200.0  166.59
 200.1  166.59
 200.3  166.59
 200.4  166.59
 200.6  166.60
 200.7  166.60
 200.9  166.60
 201.0  166.60
 201.2  166.60
 201.3  166.60
 201.5  166.60
 201.6  166.61
 201.8  166.61
 201.9  166.61
 202.1  166.61
 202.2  166.61
 202.4  166.61
 202.5  166.61
 202.7  166.62
 202.8  166.62
 203.0  166.62
 203.1  166.62
 203.3  166.62
 203.4  166.62
 203.6  166.62
 203.7  166.63
 203.9  166.63
 204.0  166.63
 225.3  166.74
 225.9  166.74
 226.5  166.74
 226.6  166.74
 226.8  166.74
 227.4  166.75
 227.5  166.75
 227.7  166.75
 228.3  166.75
 228.4  166.75
 228.6  166.75
 228.7  166.75
 228.9  166.75
 229.0  166.75
 229.2  166.75
 229.8  166.75
 229.9  166.75
 230.1  166.75
 230.2  166.75
 230.4  166.75
 230.5  166.75
 230.7  166.75
 231.1  166.75
 231.4  166.75
 231.6  166.75
 231.7  166.75
 232.2  166.75
 232.3  166.74
 232.5  166.74
 232.6  166.74
 232.9  166.74
 233.1  166.74
 233.5  166.75
 233.7  166.75
 233.8  166.75
 234.0  166.75
 234.1  166.75
 234.3  166.75
 234.6  166.75
 235.0  166.75
 235.2  166.75
 235.3  166.75
 235.5  166.75
 235.6  166.75
 235.8  166.75
 235.9  166.75
 236.5  166.75
 236.7  166.75
 236.8  166.74
 237.0  166.74
 237.1  166.74
 237.3  166.74
 237.4  166.74
 237.6  166.74
 237.7  166.74
 238.3  166.74
 238.5  166.74
 238.6  166.74
 238.8  166.74
 238.9  166.74
 239.1  166.74
 239.2  166.74
 239.4  166.74
 239.5  166.74
 239.7  166.74
 239.8  166.74
 240.0  166.74
 240.6  166.74
 240.7  166.74
 240.9  166.74
 241.0  166.74
 241.2  166.73
 241.3  166.73
 241.5  166.73
 241.6  166.73
 241.8  166.73
 241.9  166.73
 242.1  166.73
 242.7  166.73
 242.8  166.73
 243.0  166.73
 243.1  166.73
 243.3  166.73
 243.4  166.73
 243.6  166.72
 243.7  166.72
 243.9  166.72
 244.0  166.72
 244.3  166.72
 244.8  166.72
 244.9  166.72
 245.4  166.71
 245.5  166.71
 245.7  166.71
 245.8  166.71
 246.0  166.71
 246.1  166.71
 246.3  166.71
 246.4  166.71
 246.6  166.71
 246.7  166.71
 247.2  166.70
 247.6  166.70
 247.8  166.70
 247.9  166.70
 248.1  166.70
 248.2  166.69
 248.4  166.69
 248.5  166.69
 248.7  166.69
 248.8  166.69
 249.3  166.69
 249.4  166.68
 249.9  166.68
 250.0  166.68
 250.2  166.68
 250.3  166.67
 250.5  166.67
 250.6  166.67
 250.8  166.67
 250.9  166.67
 251.1  166.67
 251.2  166.66
 252.0  166.65
 252.1  166.65
 252.3  166.65
 252.4  166.65
 252.6  166.65
 252.7  166.64
 252.9  166.64
 253.0  166.64
 253.2  166.64
 253.3  166.64
 253.5  166.63
 253.9  166.62
 254.1  166.62
 254.2  166.62
 254.4  166.62
 254.8  166.61
 255.0  166.60
 255.1  166.60
 255.3  166.60
 255.4  166.59
 255.6  166.59
 255.7  166.59
 255.9  166.58
 256.6  166.56
 256.8  166.56
 256.9  166.55
 258.0  166.52
 258.1  166.51
 258.3  166.51
 258.4  166.50
 258.6  166.49
 258.7  166.49
 259.2  166.46
 259.3  166.46
 259.8  166.43
 259.9  166.42
 260.1  166.41
 260.2  166.40
 260.4  166.39
 260.5  166.38
 260.7  166.37
 260.8  166.35
 261.6  166.28
 261.7  166.27
 261.9  166.25
 262.0  166.23
 262.2  166.21
 262.3  166.19
 262.5  166.17
 262.6  166.15
 263.1  166.08
 263.5  165.99
 263.7  165.96
 263.8  165.92
 264.0  165.89
 264.1  165.85
 264.3  165.81
 264.4  165.77
 264.6  165.72
 264.7  165.68
 264.9  165.63
 265.0  165.58
 265.2  165.52
 265.9  165.22
 266.1  165.16
 266.2  165.09
 266.4  165.03
 266.5  164.98
 266.7  164.93
 266.8  164.89
 267.0  164.86
 267.1  164.86
 267.3  164.88
 267.4  164.92
 267.6  164.96
 267.7  165.02
 267.9  165.07
 268.0  165.13
 268.2  165.19
 268.3  165.25
 268.5  165.31
 268.6  165.36
 268.8  165.42
 268.9  165.47
 269.1  165.52
 269.2  165.57
 269.4  165.61
 269.5  165.65
 269.7  165.70
 269.8  165.73
 269.8  165.74
 270.0  165.77
 270.1  165.81
 270.3  165.84
 270.4  165.87
 270.6  165.90
 270.7  165.93
 270.9  165.96
 271.0  165.98
 271.2  166.00
 271.3  166.03
 271.5  166.05
 271.6  166.07
 271.8  166.08
 271.9  166.10
 272.1  166.12
 272.2  166.13
 272.4  166.15
 272.5  166.16
 272.7  166.17
 272.8  166.19
 273.0  166.20
 273.1  166.21
 273.3  166.22
 273.4  166.23
 273.6  166.24
 273.7  166.25
 273.9  166.26
 274.0  166.26
 274.2  166.27
 274.3  166.28
 274.5  166.28
 274.6  166.29
 274.8  166.30
 274.9  166.30
 275.1  166.31
 275.2  166.31
 275.4  166.32
 275.5  166.32
 275.7  166.33
 275.8  166.33
 276.0  166.33
 276.1  166.34
 276.3  166.34
 276.4  166.34
 276.6  166.35
 276.7  166.35
 276.9  166.35
 277.0  166.35
 277.2  166.36
 277.3  166.36
 277.5  166.36
 277.6  166.36
 277.8  166.36
 277.9  166.36
 278.1  166.37
 278.2  166.37
 278.4  166.37
 278.5  166.37
 278.7  166.37
 278.8  166.37
 279.0  166.37
 279.1  166.37
 279.3  166.37
 279.4  166.37
 279.6  166.37
 279.7  166.37
 279.9  166.37
 280.0  166.37
 280.2  166.37
 280.3  166.37
 280.5  166.37
 280.6  166.37
 280.8  166.37
 280.9  166.37
 281.1  166.37
 281.2  166.37
 281.4  166.37
 281.5  166.37
 281.7  166.37
 281.8  166.37
 282.0  166.37
 282.1  166.37
 282.3  166.37
 282.4  166.37
 282.6  166.37
 282.7  166.37
 282.9  166.37
 283.0  166.37
 283.2  166.37
 283.3  166.36
 283.5  166.36
 283.6  166.36
 283.8  166.36
 283.9  166.36
 284.1  166.36
 284.2  166.36
 284.4  166.36
 284.5  166.36
 284.7  166.35
 284.8  166.35
 285.0  166.35
 285.1  166.35
 285.3  166.35
 285.4  166.35
 285.6  166.35
 285.7  166.35
 285.9  166.34
 286.0  166.34
 286.2  166.34
 286.3  166.34
 286.5  166.34
 286.6  166.34
 286.8  166.34
 286.9  166.33
 287.1  166.33
 287.2  166.33
 287.4  166.33
 287.5  166.33
 287.7  166.33
 287.8  166.32
 288.0  166.32
 288.1  166.32
 288.3  166.32
 288.4  166.32
 288.6  166.32
 288.7  166.31
 288.9  166.31
 289.0  166.31
 289.1  166.31
 289.3  166.31
 289.4  166.30
 289.6  166.30
 289.7  166.30
 289.9  166.30
 290.0  166.30
 290.2  166.30
 290.3  166.29
 290.5  166.29
 290.6  166.29
 290.8  166.29
 290.9  166.29
 291.1  166.29
 291.2  166.28
 291.4  166.28
 291.5  166.28
 291.7  166.28
 291.8  166.28
 292.0  166.27
 292.1  166.27
 292.3  166.27
 292.4  166.27
 292.6  166.27
 292.7  166.26
 292.9  166.26
 293.0  166.26
 293.2  166.26
 293.3  166.25
 293.5  166.25
 293.6  166.25
 293.8  166.25
 293.9  166.25
 294.1  166.24
 294.2  166.24
 294.4  166.24
 294.5  166.24
 294.7  166.23
 294.8  166.23
 295.0  166.23
 295.1  166.23
 295.3  166.22
 295.4  166.22
 295.6  166.22
 295.7  166.22
 295.9  166.21
 296.0  166.21
 296.2  166.21
 296.3  166.21
 296.5  166.20
 296.6  166.20
 296.8  166.20
 296.9  166.20
 297.1  166.19
 297.2  166.19
 297.4  166.19
 297.5  166.19
 297.7  166.18
 297.8  166.18
 298.0  166.18
 298.1  166.18
 298.3  166.17
 298.4  166.17
 298.6  166.17
 298.7  166.17
 298.9  166.16
 299.0  166.16
 299.2  166.16
 299.3  166.16
 299.5  166.15
 299.6  166.15
 299.8  166.15
 299.9  166.14
 300.1  166.14
 300.2  166.14
 300.4  166.14
 300.5  166.13
 300.7  166.13
 300.8  166.13
 301.0  166.13
 301.1  166.12
 301.3  166.12
 301.4  166.12
 301.6  166.11
 301.7  166.11
 301.9  166.11
 302.0  166.11
 302.2  166.10
 302.3  166.10
 302.5  166.10
 302.6  166.09
 302.8  166.09
 302.9  166.09
 303.1  166.09
 303.2  166.08
 303.4  166.08
 303.5  166.08
 303.7  166.07
 303.8  166.07
 304.0  166.07
 304.1  166.06
 304.3  166.06
 304.4  166.06
 304.6  166.06
 304.7  166.05
 304.9  166.05
 305.0  166.05
 305.2  166.04
 305.3  166.04
 305.5  166.04
 305.6  166.03
 305.8  166.03
 305.9  166.03
 306.1  166.02
 306.2  166.02
 306.4  166.02
 306.5  166.01
 306.7  166.01
 306.8  166.01
 307.0  166.01
 307.1  166.00
 307.3  166.00
 307.4  166.00
 307.6  165.99
 307.7  165.99
 307.9  165.99
 308.0  165.98
 308.2  165.98
 308.3  165.98
 308.5  165.97
 308.6  165.97
 308.8  165.97
 308.9  165.96
 309.1  165.96
 309.2  165.96
 309.4  165.95
 309.5  165.95
 309.7  165.95
 309.8  165.94
 310.0  165.94
 310.1  165.94
 310.3  165.93
 310.4  165.93
 310.6  165.93
 310.7  165.92
 310.9  165.92
 311.0  165.92
 311.2  165.91
 311.3  165.91
 311.5  165.91
 311.6  165.90
 311.8  165.90
 311.9  165.90
 312.1  165.89
 312.2  165.89
 312.4  165.89
 312.5  165.88
 312.7  165.88
 312.8  165.87
 313.0  165.87
 313.1  165.87
 313.3  165.86
 313.4  165.86
 313.6  165.86
 313.7  165.85
 313.9  165.85
 314.0  165.85
 314.2  165.84
 314.3  165.84
 314.5  165.84
 314.6  165.83
 314.8  165.83
 314.9  165.82
 315.1  165.82
 315.2  165.82
 315.4  165.81
 315.5  165.81
 315.7  165.81
 315.8  165.80
 316.0  165.80
 316.1  165.80
 316.3  165.79
 316.4  165.79
 316.6  165.78
 316.7  165.78
 316.9  165.78
 317.0  165.77
 317.2  165.77
 317.3  165.76
 317.5  165.76
 317.6  165.76
 317.8  165.75
 317.9  165.75
 318.1  165.75
 318.2  165.74
 318.4  165.74
 318.5  165.73
 318.7  165.73
 318.8  165.73
 319.0  165.72
 319.1  165.72
 319.3  165.72
 319.4  165.71
 319.6  165.71
 319.7  165.70
 319.9  165.70
 320.0  165.70
 320.2  165.69
 320.3  165.69
 320.5  165.68
 320.6  165.68
 320.8  165.68
 320.9  165.67
 321.1  165.67
 321.2  165.67
 321.4  165.66
 321.5  165.66
 321.7  165.66
 321.8  165.65
 322.0  165.65
 322.1  165.65
 322.3  165.64
 322.4  165.64
 322.6  165.63
 322.7  165.63
 322.9  165.63
 323.0  165.62
 323.2  165.62
 323.3  165.61
 323.5  165.61
 323.6  165.60
 323.8  165.60
 323.9  165.60
 324.1  165.59
 324.2  165.59
 324.4  165.58
 324.5  165.58
 324.7  165.58
 324.8  165.57
 325.0  165.57
 325.1  165.56
 325.3  165.56
 325.4  165.55
 325.6  165.55
 325.7  165.55
 325.9  165.54
 326.0  165.54
 326.2  165.53
 326.3  165.53
 326.5  165.52
 326.6  165.52
 326.8  165.51
 326.9  165.51
 327.1  165.51
 327.2  165.50
 327.4  165.50
 327.5  165.49
 327.7  165.49
 327.8  165.48
 328.0  165.48
 328.1  165.48
 328.3  165.47
 328.4  165.47
 328.6  165.46
 328.7  165.46
 328.9  165.45
 329.0  165.45
 329.2  165.44
 329.3  165.44
 329.5  165.43
 329.6  165.43
 329.8  165.43
 329.9  165.42
 330.1  165.42
 330.2  165.41
 330.4  165.41
 330.5  165.40
 330.7  165.40
 330.8  165.39
 331.0  165.39
 331.1  165.38
 331.3  165.38
 331.4  165.37
 331.6  165.37
 331.7  165.36
 331.9  165.36
 332.0  165.36
 332.2  165.35
 332.3  165.35
 332.5  165.34
 332.6  165.34
 332.8  165.33
 332.9  165.33
 333.1  165.32
 333.2  165.32
 333.4  165.31
 333.5  165.31
 333.7  165.30
 333.8  165.30
 334.0  165.29
 334.1  165.29
 334.3  165.28
 334.4  165.28
 334.6  165.27
 334.7  165.27
 334.9  165.26
 335.0  165.26
 335.2  165.25
 335.3  165.25
 335.5  165.24
 335.6  165.24
 335.8  165.23
 335.9  165.23
 336.1  165.22
 336.2  165.22
 336.4  165.21
 336.5  165.21
 336.7  165.20
 336.8  165.20
 337.0  165.19
 337.1  165.19
 337.3  165.18
 337.4  165.18
 337.6  165.17
 337.7  165.17
 337.9  165.16
 338.0  165.16
 338.2  165.15
 338.3  165.15
 338.5  165.14
 338.6  165.13
 338.8  165.13
 338.9  165.12
 339.1  165.12
 339.2  165.11
 339.4  165.11
 339.5  165.10
 339.7  165.10
 339.8  165.09
 340.0  165.09
 340.1  165.08
 340.3  165.08
 340.4  165.07
 340.6  165.07
 340.7  165.06
 340.9  165.06
 341.0  165.05
 341.2  165.04
 341.3  165.04
 341.5  165.03
 341.6  165.03
 341.8  165.02
 341.9  165.02
 342.1  165.01
 342.2  165.01
 342.4  165.00
 342.5  165.00
 342.7  164.99
 342.8  164.98
 343.0  164.98
 343.1  164.97
 343.3  164.97
 343.4  164.96
 343.6  164.96
 343.7  164.95
 343.9  164.94
 344.0  164.94
 344.2  164.93
 344.3  164.93
 344.5  164.92
 344.6  164.92
 344.8  164.91
 344.9  164.91
 345.1  164.90
 345.2  164.89
 345.4  164.89
 345.5  164.88
 345.7  164.88
 345.8  164.87
 346.0  164.87
 346.1  164.86
 346.3  164.85
 346.4  164.85
 346.6  164.84
 346.7  164.84
 346.9  164.83
 347.0  164.82
 347.2  164.82
 347.3  164.81
 347.5  164.81
 347.6  164.80
 347.8  164.79
 347.9  164.79
 348.1  164.78
 348.2  164.78
 348.4  164.77
 348.5  164.76
 348.7  164.76
 348.8  164.75
 349.0  164.75
 349.1  164.74
 349.3  164.73
 349.4  164.73
 349.6  164.72
 349.7  164.72
 349.9  164.71
 350.0  164.70
 350.2  164.70
 350.3  164.69
 350.5  164.69
 350.6  164.68
 350.8  164.67
 350.9  164.67
 351.1  164.66
 351.2  164.66
 351.4  164.65
 351.5  164.64
 351.7  164.64
 351.8  164.63
 352.0  164.62
 352.1  164.62
 352.3  164.61
 352.4  164.61
 352.6  164.60
 352.7  164.59
 352.9  164.59
 353.0  164.58
 353.2  164.57
 353.3  164.57
 353.5  164.56
 353.6  164.55
 353.8  164.55
 353.9  164.54
 354.1  164.54
 354.2  164.53
 354.4  164.52
 354.5  164.52
 354.7  164.51
 354.8  164.51
 355.0  164.50
 355.1  164.50
 355.3  164.49
 355.4  164.49
 355.6  164.48
 355.7  164.47
 355.9  164.47
 356.0  164.46
 356.2  164.45
 356.3  164.45
 356.5  164.44
 356.6  164.43
 356.8  164.43
 356.9  164.42
 357.1  164.41
 357.2  164.41
 357.4  164.40
 357.5  164.39
 357.7  164.39
 357.8  164.38
 358.0  164.37
 358.1  164.37
 358.3  164.36
 358.4  164.35
 358.6  164.35
 358.7  164.34
 358.9  164.33
 359.0  164.33
 359.2  164.32
 359.3  164.31
 359.5  164.31
 359.6  164.30
 359.8  164.29
 359.9  164.28
 360.1  164.28
 360.2  164.27
 360.4  164.26
 360.5  164.26
 360.7  164.25
 360.8  164.24
 361.0  164.24
 361.1  164.23
 361.2  164.22
 361.4  164.21
 361.5  164.21
 361.7  164.20
 361.8  164.19
 362.0  164.19
 362.1  164.18
 362.3  164.17
 362.4  164.16
 362.6  164.16
 362.7  164.15
 362.9  164.14
 363.0  164.13
 363.2  164.13
 363.3  164.12
 363.5  164.11
 363.6  164.11
 363.8  164.10
 363.9  164.09
 364.1  164.08
 364.2  164.08
 364.4  164.07
 364.5  164.06
 364.7  164.05
 364.8  164.05
 365.0  164.04
 365.1  164.03
 365.3  164.02
 365.4  164.02
 365.6  164.01
 365.7  164.00
 365.9  163.99
 366.0  163.99
 366.2  163.98
 366.3  163.97
 366.5  163.96
 366.6  163.96
 366.8  163.95
 366.9  163.94
 367.1  163.93
 367.2  163.93
 367.4  163.92
 367.5  163.91
 367.7  163.90
 367.8  163.90
 368.0  163.89
 368.1  163.88
 368.3  163.87
 368.4  163.86
 368.6  163.86
 368.7  163.85
 368.9  163.84
 369.0  163.83
 369.2  163.83
 369.3  163.82
 369.5  163.81
 369.6  163.80
 369.8  163.79
 369.9  163.79
 370.1  163.78
 370.2  163.77
 370.4  163.76
 370.5  163.75
 370.7  163.75
 370.8  163.74
 371.0  163.73
 371.1  163.72
 371.3  163.71
 371.4  163.71
 371.6  163.70
 371.7  163.69
 371.9  163.68
 372.0  163.67
 372.2  163.67
 372.3  163.66
 372.5  163.65
 372.6  163.64
 372.8  163.63
 372.9  163.62
 373.1  163.62
 373.2  163.61
 373.4  163.60
 373.5  163.59
 373.7  163.58
 373.8  163.57
 374.0  163.57
 374.1  163.56
 374.3  163.55
 374.4  163.54
 374.6  163.53
 374.7  163.52
 374.9  163.52
 375.0  163.51
 375.2  163.50
 375.3  163.49
 375.5  163.48
 375.6  163.47
 375.8  163.47
 375.9  163.46
 376.1  163.45
 376.2  163.44
 376.4  163.43
 376.5  163.42
 376.7  163.41
 376.8  163.41
 377.0  163.40
 377.1  163.39
 377.3  163.38
 377.4  163.37
 377.6  163.36
 377.7  163.35
 377.9  163.34
 378.0  163.34
 378.2  163.33
 378.3  163.32
 378.5  163.31
 378.6  163.30
 378.8  163.29
 378.9  163.28
 379.1  163.27
 379.2  163.26
 379.4  163.26
 379.5  163.25
 379.7  163.24
 379.8  163.23
 380.0  163.22
 380.1  163.21
 380.3  163.20
 380.4  163.19
 380.6  163.18
 380.7  163.17
 380.9  163.17
 381.0  163.16
 381.2  163.15
 381.3  163.14
 381.5  163.13
 381.6  163.12
 381.8  163.11
 381.9  163.10
 382.1  163.09
 382.2  163.08
 382.4  163.07
 382.5  163.06
 382.7  163.06
 382.8  163.05
 383.0  163.04
 383.1  163.03
 383.3  163.02
 383.4  163.01
 383.6  163.00
 383.7  162.99
 383.9  162.98
 384.0  162.97
 384.2  162.96
 384.3  162.95
 384.5  162.94
 384.6  162.93
 384.8  162.92
 384.9  162.91
 385.1  162.90
 385.2  162.89
 385.4  162.89
 385.5  162.88
 385.7  162.87
 385.8  162.86
 386.0  162.85
 386.1  162.84
 386.3  162.83
 386.4  162.82
 386.6  162.81
 386.7  162.80
 386.9  162.79
 387.0  162.78
 387.2  162.77
 387.3  162.76
 387.5  162.75
 387.6  162.74
 387.8  162.73
 387.9  162.72
 388.1  162.71
 388.2  162.70
 388.4  162.69
 388.5  162.68
 388.7  162.67
 388.8  162.66
 389.0  162.65
 389.1  162.64
 389.3  162.63
 389.4  162.62
 389.6  162.61
 389.7  162.60
 389.9  162.59
 390.0  162.58
 390.2  162.57
 390.3  162.56
 390.5  162.55
 390.6  162.54
 390.8  162.53
 390.9  162.52
 391.1  162.51
 391.2  162.50
 391.4  162.49
 391.5  162.48
 391.7  162.48
 391.8  162.47
 392.0  162.46
 392.1  162.45
 392.3  162.44
 392.4  162.43
 392.6  162.42
 392.7  162.41
 392.9  162.40
 393.0  162.39
 393.2  162.38
 393.3  162.37
 393.5  162.36
 393.6  162.35
 393.8  162.34
 393.9  162.33
 394.1  162.32
 394.2  162.31
 394.4  162.30
 394.5  162.29
 394.7  162.28
 394.8  162.27
 395.0  162.26
 395.1  162.24
 395.3  162.23
 395.4  162.22
 395.6  162.21
 395.7  162.20
 395.9  162.19
 396.0  162.18
 396.2  162.17
 396.3  162.16
 396.5  162.15
 396.6  162.14
 396.8  162.12
 396.9  162.11
 397.1  162.10
 397.2  162.09
 397.4  162.08
 397.5  162.07
 397.7  162.06
 397.8  162.05
 398.0  162.04
 398.1  162.03
 398.3  162.01
 398.4  162.00
 398.6  161.99
 398.7  161.98
 398.9  161.97
 399.0  161.96
 399.2  161.95
 399.3  161.94
 399.5  161.92
 399.6  161.91
 399.8  161.90
 399.9  161.89
 400.1  161.88
 400.2  161.87
 400.4  161.85
 400.5  161.84
 400.7  161.83
 400.8  161.82
 401.0  161.81
 401.1  161.80
 401.3  161.79
 401.4  161.77
 401.6  161.76
 401.7  161.75
 401.9  161.74
 402.0  161.73
 402.2  161.72
 402.3  161.70
 402.5  161.69
 402.6  161.68
 402.8  161.67
 402.9  161.66
 403.1  161.64
 403.2  161.63
 403.4  161.62
 403.5  161.61
 403.7  161.60
 403.8  161.59
 404.0  161.57
 404.1  161.56
 404.3  161.55
 404.4  161.54
 404.6  161.53
 404.7  161.51
 404.9  161.50
 405.0  161.49
 405.2  161.48
 405.3  161.47
 405.5  161.45
 405.6  161.44
 405.8  161.43
 405.9  161.42
 406.1  161.40
 406.2  161.39
 406.4  161.38
 406.5  161.37
 406.7  161.35
 406.8  161.34
 407.0  161.33
 407.1  161.32
 407.3  161.31
 407.4  161.29
 407.6  161.28
 407.7  161.27
 407.9  161.26
 408.0  161.24
 408.2  161.23
 408.3  161.22
 408.5  161.21
 408.6  161.19
 408.8  161.18
 408.9  161.17
 409.1  161.15
 409.2  161.14
 409.4  161.13
 409.5  161.12
 409.7  161.10
 409.8  161.09
 410.0  161.08
 410.1  161.07
 410.3  161.05
 410.4  161.04
 410.6  161.03
 410.7  161.01
 410.9  161.00
 411.0  160.99
 411.2  160.98
 411.3  160.96
 411.5  160.95
 411.6  160.94
 411.8  160.92
 411.9  160.91
 412.1  160.90
 412.2  160.88
 412.4  160.87
 412.5  160.86
 412.7  160.84
 412.8  160.83
 413.0  160.82
 413.1  160.80
 413.3  160.79
 413.4  160.78
 413.6  160.76
 413.7  160.75
 413.9  160.74
 414.0  160.72
 414.2  160.71
 414.3  160.70
 414.5  160.68
 414.6  160.67
 414.8  160.66
 414.9  160.64
 415.1  160.63
 415.2  160.62
 415.4  160.60
 415.5  160.59
 415.7  160.58
 415.8  160.56
 416.0  160.55
 416.1  160.53
 416.3  160.52
 416.4  160.51
 416.6  160.49
 416.7  160.48
 416.9  160.47
 417.0  160.45
 417.2  160.44
 417.3  160.42
 417.5  160.41
 417.6  160.40
 417.8  160.38
 417.9  160.37
 418.1  160.35
 418.2  160.34
 418.4  160.33
 418.5  160.31
 418.7  160.30
 418.8  160.25
 419.0  160.24
 419.1  160.23
 419.3  160.21
 419.4  160.20
 419.6  160.18
 419.7  160.17
 419.9  160.16
 420.0  160.14
 420.2  160.13
 420.3  160.11
 420.5  160.10
 420.6  160.08
 420.8  160.07
 420.9  160.06
 421.1  160.04
 421.2  160.03
 421.4  160.01
 421.5  160.00
 421.7  159.98
 421.8  159.97
 422.0  159.95
 422.1  159.94
 422.3  159.92
 422.4  159.91
 422.6  159.90
 422.7  159.88
 422.9  159.87
 423.0  159.85
 423.2  159.84
 423.3  159.82
 423.5  159.81
 423.6  159.79
 423.8  159.78
 423.9  159.76
 424.1  159.75
 424.2  159.73
 424.4  159.72
 424.5  159.70
 424.7  159.69
 424.8  159.67
 425.0  159.66
 425.1  159.64
 425.3  159.63
 425.4  159.61
 425.6  159.60
 425.7  159.58
 425.9  159.57
 426.0  159.55
 426.2  159.54
 426.3  159.52
 426.5  159.51
 426.6  159.49
 426.8  159.48
 426.9  159.46
 427.1  159.45
 427.2  159.43
 427.4  159.41
 427.5  159.40
 427.7  159.38
 427.8  159.37
 428.0  159.35
 428.1  159.34
 428.3  159.32
 428.4  159.31
 428.6  159.29
 428.7  159.28
 428.9  159.26
 429.0  159.24
 429.2  159.23
 429.3  159.21
 429.5  159.20
 429.6  159.18
 429.8  159.17
 429.9  159.15
 430.1  159.14
 430.2  159.12
 430.4  159.10
 430.5  159.09
 430.7  159.08
 430.8  159.06
 431.0  159.05
 431.1  159.03
 431.3  159.01
 431.4  159.00
 431.6  158.99
 431.7  158.98
 431.9  158.97
 432.0  158.96
 432.2  158.94
 432.3  158.92
 432.5  158.91
 432.6  158.89
 432.8  158.88
 432.9  158.86
 433.1  158.85
 433.2  158.83
 433.3  158.81
 433.5  158.80
 433.6  158.78
 433.8  158.76
 433.9  158.75
 434.1  158.73
 434.2  158.71
 434.4  158.70
 434.5  158.68
 434.7  158.66
 434.8  158.63
 435.0  158.62
 435.1  158.60
 435.3  158.58
 435.4  158.57
 435.6  158.55
 435.7  158.53
 435.9  158.52
 436.0  158.50
 436.2  158.48
 436.3  158.47
 436.5  158.45
 436.6  158.43
 436.8  158.42
 436.9  158.40
 437.1  158.38
 437.2  158.36
 437.4  158.35
 437.5  158.33
 437.7  158.31
 437.8  158.30
 438.0  158.28
 438.1  158.26
 438.3  158.25
 438.4  158.23
 438.6  158.21
 438.7  158.19
 438.9  158.18
 439.0  158.16
 439.2  158.14
 439.3  158.12
 439.5  158.11
 439.6  158.09
 439.8  158.07
 439.9  158.05
 440.1  158.04
 440.2  158.02
 440.4  158.00
 440.5  157.98
 440.7  157.97
 440.8  157.95
 441.0  157.93
 441.1  157.91
 441.3  157.90
 441.4  157.88
 441.6  157.86
 441.7  157.84
 441.9  157.83
 442.0  157.81
 442.2  157.79
 442.3  157.77
 442.5  157.75
 442.6  157.74
 442.8  157.72
 442.9  157.70
 443.1  157.68
 443.2  157.66
 443.4  157.65
 443.5  157.63
 443.7  157.61
 443.8  157.59
 444.0  157.57
 444.1  157.56
 444.3  157.54
 444.4  157.52
 444.6  157.50
 444.7  157.48
 444.9  157.47
 445.0  157.45
 445.2  157.43
 445.3  157.41
 445.5  157.39
 445.6  157.37
 445.8  157.36
 445.9  157.34
 446.1  157.32
 446.2  157.30
 446.4  157.28
 446.5  157.26
 446.7  157.24
 446.8  157.23
 447.0  157.21
 447.1  157.19
 447.3  157.17
 447.4  157.15
 447.6  157.13
 447.7  157.11
 447.9  157.10
 448.0  157.08
 448.2  157.06
 448.3  157.04
 448.5  157.02
 448.6  157.00
 448.8  156.98
 448.9  156.96
 449.1  156.94
 449.2  156.93
 449.4  156.91
 449.5  156.89
 449.7  156.87
 449.8  156.85
 450.0  156.83
 450.1  156.81
 450.3  156.79
 450.4  156.77
 450.6  156.75
 450.7  156.73
 450.9  156.72
 451.0  156.70
 451.2  156.68
 451.3  156.66
 451.5  156.64
 451.6  156.62
 451.8  156.60
 451.9  156.58
 452.1  156.56
 452.2  156.54
 452.4  156.52
 452.5  156.50
 452.7  156.48
 452.8  156.46
 453.0  156.44
 453.1  156.42
 453.3  156.40
 453.4  156.39
 453.6  156.37
 453.7  156.35
 453.9  156.33
 454.0  156.31
 454.2  156.29
 454.3  156.27
 454.5  156.25
 454.6  156.23
 454.8  156.21
 454.9  156.19
 455.1  156.17
 455.2  156.15
 455.4  156.13
 455.5  156.11
 455.7  156.09
 455.8  156.07
 456.0  156.05
 456.1  156.03
 456.3  156.01
 456.4  155.99
 456.6  155.97
 456.7  155.95
 456.9  155.93
 457.0  155.91
 457.2  155.89
 457.3  155.87
 457.5  155.85
 457.6  155.83
 457.8  155.81
 457.9  155.79
 458.1  155.77
 458.2  155.75
 458.4  155.72
 458.5  155.70
 458.7  155.68
 458.8  155.66
 459.0  155.64
 459.1  155.62
 459.3  155.60
 459.4  155.58
 459.6  155.56
 459.7  155.54
 459.9  155.52
 460.0  155.50
 460.2  155.48
 460.3  155.46
 460.5  155.44
 460.6  155.42
 460.8  155.40
 460.9  155.37
 461.1  155.35
 461.2  155.33
 461.4  155.31
 461.5  155.29
 461.7  155.27
 461.8  155.25
 462.0  155.23
 462.1  155.21
 462.3  155.19
 462.4  155.17
 462.6  155.14
 462.7  155.12
 462.9  155.10
 463.0  155.08
 463.2  155.06
 463.3  155.04
 463.5  155.02
 463.6  155.00
 463.8  154.98
 463.9  154.95
 464.1  154.93
 464.2  154.91
 464.4  154.89
 464.5  154.87
 464.7  154.85
 464.8  154.83
 465.0  154.81
 465.1  154.78
 465.3  154.74
 465.4  154.72
 465.6  154.70
 465.7  154.67
 465.9  154.65
 466.0  154.63
 466.2  154.60
 466.3  154.58
 466.5  154.56
 466.6  154.54
 466.8  154.52
 466.9  154.50
 467.1  154.48
 467.2  154.45
 467.4  154.43
 467.5  154.41
 467.7  154.39
 467.8  154.37
 468.0  154.35
 468.1  154.33
 468.3  154.30
 468.4  154.28
 468.6  154.26
 468.7  154.24
 468.9  154.22
 469.0  154.20
 469.2  154.17
 469.3  154.15
 469.5  154.13
 469.6  154.11
 469.8  154.09
 469.9  154.06
 470.1  154.04
 470.2  154.02
 470.4  154.00
 470.5  153.98
 470.7  153.95
 470.8  153.93
 471.0  153.91
 471.1  153.89
 471.3  153.87
 471.4  153.85
 471.6  153.82
 471.7  153.80
 471.9  153.78
 472.0  153.76
 472.2  153.74
 472.3  153.71
 472.5  153.69
 472.6  153.67
 472.8  153.65
 472.9  153.63
 473.1  153.60
 473.2  153.58
 473.4  153.56
 473.5  153.54
 473.7  153.52
 473.8  153.50
 474.0  153.48
 474.1  153.46
 474.3  153.44
 474.4  153.41
 474.6  153.39
 474.7  153.38
 474.9  153.37
 475.0  153.35
 475.2  153.33
 475.3  153.31
 475.5  153.29
 475.6  153.27
 475.8  153.25
 475.9  153.22
 476.1  153.21
 476.2  153.18
 476.4  153.16
 476.5  153.14
 476.7  153.11
 476.8  153.09
 477.0  153.07
 477.1  153.05
 477.3  153.02
 477.4  153.00
 477.6  152.98
 477.7  152.96
 477.9  152.93
 478.0  152.91
 478.2  152.89
 478.3  152.86
 478.5  152.84
 478.6  152.82
 478.8  152.79
 478.9  152.77
 479.1  152.75
 479.2  152.73
 479.4  152.70
 479.5  152.68
 479.7  152.66
 479.8  152.63
 480.0  152.61
 480.1  152.59
 480.3  152.56
 480.4  152.54
 480.6  152.52
 480.7  152.49
 480.9  152.47
 481.0  152.45
 481.2  152.42
 481.3  152.39
 481.5  152.37
 481.6  152.34
 481.8  152.32
 481.9  152.29
 482.1  152.27
 482.2  152.25
 482.4  152.22
 482.5  152.20
 482.7  152.18
 482.8  152.15
 483.0  152.13
 483.1  152.11
 483.3  152.08
 483.4  152.06
 483.6  152.04
 483.7  152.01
 483.9  151.99
 484.0  151.97
 484.2  151.94
 484.3  151.92
 484.5  151.89
 484.6  151.87
 484.8  151.85
 484.9  151.82
 485.1  151.80
 485.2  151.78
 485.4  151.75
 485.5  151.73
 485.7  151.71
 485.8  151.68
 486.0  151.66
 486.1  151.63
 486.3  151.61
 486.4  151.59
 486.6  151.56
 486.7  151.54
 486.9  151.52
 487.0  151.49
 487.2  151.47
 487.3  151.44
 487.5  151.42
 487.6  151.40
 487.8  151.37
 487.9  151.35
 488.1  151.33
 488.2  151.30
 488.4  151.28
 488.5  151.25
 488.7  151.23
 488.8  151.21
 489.0  151.18
 489.1  151.16
 489.3  151.13
 489.4  151.11
 489.6  151.09
 489.7  151.06
 489.9  151.04
 490.0  151.01
 490.2  150.99
 490.3  150.97
 490.5  150.94
 490.6  150.92
 490.8  150.89
 490.9  150.87
 491.1  150.85
 491.2  150.82
 491.4  150.80
 491.5  150.77
 491.7  150.75
 491.8  150.73
 492.0  150.70
 492.1  150.68
 492.3  150.65
 492.4  150.63
 492.6  150.60
 492.7  150.58
 492.9  150.56
 493.0  150.53
 493.2  150.51
 493.3  150.48
 493.5  150.46
 493.6  150.44
 493.8  150.41
 493.9  150.39
 494.1  150.36
 494.2  150.34
 494.4  150.31
 494.5  150.29
 494.7  150.26
 494.8  150.24
 495.0  150.21
 495.1  150.19
 495.3  150.17
 495.4  150.14
 495.6  150.12
 495.7  150.09
 495.9  150.07
 496.0  150.04
 496.2  150.02
 496.3  149.99
 496.5  149.97
 496.6  149.95
 496.8  149.92
 496.9  149.90
 497.1  149.87
 497.2  149.85
 497.4  149.82
 497.5  149.80
 497.7  149.77
 497.8  149.75
 498.0  149.72
 498.1  149.70
 498.3  149.68
 498.4  149.65
 498.6  149.63
 498.7  149.60
 498.9  149.58
 499.0  149.55
 499.2  149.53
 499.3  149.50
 499.5  149.48
 499.6  149.45
 499.8  149.43
 499.9  149.40
 500.1  149.38
 500.2  149.35
 500.4  149.33
 500.5  149.31
 500.7  149.28
 500.8  149.26
 501.0  149.23
 501.1  149.21
 501.3  149.18
 501.4  149.16
 501.6  149.13
 501.7  149.11
 501.9  149.08
 502.0  149.06
 502.2  149.03
 502.3  149.01
 502.5  148.98
 502.6  148.95
 502.8  148.93
 502.9  148.91
 503.1  148.88
 503.2  148.85
 503.4  148.83
 503.5  148.80
 503.7  148.78
 503.8  148.75
 504.0  148.73
 504.1  148.70
 504.3  148.68
 504.4  148.65
 504.6  148.63
 504.7  148.60
 504.9  148.58
 505.0  148.55
 505.2  148.53
 505.3  148.50
 505.5  148.48
 505.6  148.45
 505.7  148.43
 505.9  148.40
 506.0  148.38
 506.2  148.35
 506.3  148.33
 506.5  148.30
 506.6  148.28
 506.8  148.25
 506.9  148.23
 507.1  148.20
 507.2  148.18
 507.4  148.15
 507.5  148.13
 507.7  148.10
 507.8  148.08
 508.0  148.05
 508.1  148.03
 508.3  148.00
 508.4  147.98
 508.6  147.95
 508.7  147.92
 508.9  147.90
 509.0  147.87
 509.2  147.85
 509.3  147.82
 509.5  147.80
 509.6  147.77
 509.8  147.75
 509.9  147.72
 510.1  147.70
 510.2  147.67
 510.4  147.65
 510.5  147.62
 510.7  147.59
 510.8  147.57
 511.0  147.54
 511.1  147.52
 511.3  147.49
 511.4  147.46
 511.6  147.44
 511.7  147.41
 511.9  147.39
 512.0  147.36
 512.2  147.34
 512.3  147.31
 512.5  147.28
 512.6  147.26
 512.8  147.23
 512.9  147.21
 513.1  147.18
 513.2  147.16
 513.4  147.13
 513.5  147.10
 513.7  147.08
 513.8  147.05
 514.0  147.03
 514.1  147.00
 514.3  146.97
 514.4  146.95
 514.6  146.92
 514.7  146.90
 514.9  146.87
 515.0  146.84
 515.2  146.82
 515.3  146.79
 515.5  146.76
 515.6  146.74
 515.8  146.71
 515.9  146.68
 516.1  146.66
 516.2  146.63
 516.4  146.61
 516.5  146.58
 516.7  146.55
 516.8  146.53
 517.0  146.50
 517.1  146.47
 517.3  146.44
 517.4  146.42
 517.6  146.39
 517.7  146.36
 517.9  146.34
 518.0  146.31
 518.2  146.28
 518.3  146.25
 518.5  146.23
 518.6  146.20
 518.8  146.17
 518.9  146.15
 519.1  146.12
 519.2  146.09
 519.4  146.06
 519.5  146.04
 519.7  146.01
 519.8  145.98
 520.0  145.95
 520.1  145.92
 520.3  145.90
 520.4  145.87
 520.6  145.85
 520.7  145.82
 520.9  145.79
 521.0  145.76
 521.2  145.73
 521.3  145.71
 521.5  145.69
 521.6  145.67
 521.8  145.64
 521.9  145.61
 522.1  145.59
 522.2  145.56
 522.4  145.53
 522.5  145.50
 522.7  145.47
 522.8  145.44
 523.0  145.41
 523.1  145.38
 523.3  145.35
 523.4  145.32
 523.6  145.28
 523.7  145.25
 523.9  145.22
 524.0  145.19
 524.2  145.15
 524.3  145.12
 524.5  145.09
 524.6  145.05
 524.8  145.02
 524.9  144.99
 525.1  144.95
 525.2  144.92
 525.4  144.88
 525.5  144.84
 525.7  144.81
 525.8  144.77
 526.0  144.73
 526.1  144.70
 526.3  144.66
 526.4  144.62
 526.6  144.58
 526.7  144.54
 526.9  144.50
 527.0  144.46
 527.2  144.41
 527.3  144.37
 527.5  144.32
 527.6  144.28
 527.8  144.23
 527.9  144.18
 528.1  144.13
 528.2  144.08
 528.4  144.03
 528.5  143.98
 528.7  143.92
 528.8  143.86
 529.0  143.80
 529.1  143.74
 529.3  143.68
 529.4  143.61
 529.6  143.54
 529.7  143.47
 529.9  143.39
 530.0  143.31
 530.2  143.22
 530.3  143.14
 530.5  143.04
 530.6  142.94
 530.8  142.84
 530.9  142.73
 531.1  142.61
 531.2  142.49
 531.4  142.36
 531.5  142.22
 531.7  142.07
 531.8  141.91
 532.0  141.74
 532.1  141.56
 532.3  141.37
 532.4  141.17
 532.6  140.95
 532.7  140.73
 532.9  140.49
 533.0  140.25
 533.2  140.01
 533.3  139.76
 533.5  139.52
 533.6  139.31
 533.8  139.13
 533.9  139.03
 534.1  139.03
 534.2  139.13
 534.4  139.28
 534.5  139.46
 534.7  139.66
 534.8  139.86
 535.0  140.05
 535.1  140.24
 535.3  140.42
 535.4  140.58
 535.6  140.73
 535.7  140.87
 535.9  141.00
 536.0  141.12
 536.2  141.23
 536.3  141.32
 536.5  141.41
 536.6  141.48
 536.8  141.55
 536.9  141.61
 537.1  141.66
 537.2  141.71
 537.4  141.75
 537.5  141.78
 537.7  141.81
 537.8  141.83
 538.0  141.85
 538.1  141.87
 538.3  141.88
 538.4  141.89
 538.6  141.89
 538.7  141.90
 538.9  141.90
 539.0  141.89
 539.2  141.89
 539.3  141.88
 539.5  141.87
 539.6  141.86
 539.8  141.85
 539.9  141.84
 540.1  141.82
 540.2  141.80
 540.4  141.79
 540.5  141.77
 540.7  141.75
 540.8  141.73
 541.0  141.70
 541.1  141.68
 541.3  141.66
 541.4  141.63
 541.6  141.61
 541.7  141.58
 541.9  141.55
 542.0  141.52
 542.2  141.50
 542.3  141.47
 542.5  141.44
 542.6  141.41
 542.8  141.37
 542.9  141.34
 543.1  141.31
 543.2  141.28
 543.4  141.24
 543.5  141.21
 543.7  141.17
 543.8  141.14
 544.0  141.10
 544.1  141.07
 544.3  141.03
 544.4  141.00
 544.6  140.96
 544.7  140.92
 544.9  140.88
 545.0  140.84
 545.2  140.80
 545.3  140.76
 545.5  140.72
 545.6  140.68
 545.8  140.64
 545.9  140.60
 546.1  140.56
 546.2  140.52
 546.4  140.47
 546.5  140.43
 546.7  140.39
 546.8  140.34
 547.0  140.30
 547.1  140.25
 547.3  140.21
 547.4  140.16
 547.6  140.12
 547.7  140.07
 547.9  140.02
 548.0  139.98
 548.2  139.93
 548.3  139.88
 548.5  139.83
 548.6  139.78
 548.8  139.73
 548.9  139.68
 549.1  139.63
 549.2  139.57
 549.4  139.52
 549.5  139.47
 549.7  139.42
 549.8  139.36
 550.0  139.31
 550.1  139.25
 550.3  139.20
 550.4  139.14
 550.6  139.08
 550.7  139.02
 550.9  138.97
 551.0  138.91
 551.2  138.85
 551.3  138.79
 551.5  138.72
 551.6  138.66
 551.8  138.60
 551.9  138.54
 552.1  138.47
 552.2  138.41
 552.4  138.34
 552.5  138.28
 552.7  138.21
 552.8  138.14
 553.0  138.07
 553.1  138.00
 553.3  137.93
 553.4  137.86
 553.6  137.79
 553.7  137.72
 553.9  137.64
 554.0  137.57
 554.2  137.49
 554.3  137.42
 554.5  137.34
 554.6  137.26
 554.8  137.18
 554.9  137.10
 555.1  137.02
 555.2  136.94
 555.4  136.86
 555.5  136.77
 555.7  136.69
 555.8  136.60
 556.0  136.51
 556.1  136.43
 556.3  136.34
 556.4  136.25
 556.6  136.15
 556.7  136.06
 556.9  135.97
 557.0  135.87
 557.2  135.78
 557.3  135.68
 557.5  135.58
 557.6  135.48
 557.8  135.38
 557.9  135.28
 558.1  135.17
 558.2  135.07
 558.4  134.96
 558.5  134.85
 558.7  134.75
 558.8  134.64
 559.0  134.52
 559.1  134.41
 559.3  134.30
 559.4  134.18
 559.6  134.06
 559.7  133.95
 559.9  133.83
 560.0  133.70
 560.2  133.58
 560.3  133.46
 560.5  133.33
 560.6  133.20
 560.8  133.07
 560.9  132.94
 561.1  132.81
 561.2  132.68
 561.4  132.54
 561.5  132.41
 561.7  132.27
 561.8  132.13
 562.0  131.98
 562.1  131.84
 562.3  131.69
 562.4  131.55
 562.6  131.40
 562.7  131.25
 562.9  131.09
 563.0  130.94
 563.2  130.78
 563.3  130.62
 563.5  130.46
 563.6  130.29
 563.8  130.13
 563.9  129.96
 564.1  129.79
 564.2  129.62
 564.4  129.44
 564.5  129.26
 564.7  129.08
 564.8  128.90
 565.0  128.71
 565.1  128.52
 565.3  128.33
 565.4  128.14
 565.6  127.94
 565.7  127.74
 565.9  127.53
 566.0  127.32
 566.2  127.11
 566.3  126.90
 566.5  126.68
 566.6  126.46
 566.8  126.23
 566.9  126.00
 567.1  125.77
 567.2  125.53
 567.4  125.29
 567.5  125.05
 567.7  124.80
 567.8  124.55
 568.0  124.29
 568.1  124.02
 568.3  123.76
 568.4  123.49
 568.6  123.21
 568.7  122.93
 568.9  122.66
 569.0  122.37
 569.2  122.08
 569.3  121.80
 569.5  121.51
 569.6  121.22
 569.8  120.94
 569.9  120.67
 570.1  120.40
 570.2  120.15
 570.4  119.93
 570.5  119.74
 570.7  119.60
 570.8  119.53
 571.0  119.56
 571.1  119.72
 571.3  120.07
 571.4  120.68
 571.6  121.67
 571.7  123.16
 571.9  125.36
 572.0  128.57
 572.2  133.42
 572.3  141.80
 572.5  154.76
 572.6  149.97
 572.8  137.70
 572.9  131.19
 573.1  127.13
 573.2  124.38
 573.4  122.50
 573.5  121.23
 573.7  120.41
 573.8  119.91
 574.0  119.64
 574.1  119.53
 574.3  119.54
 574.4  119.64
 574.6  119.79
 574.7  119.99
 574.9  120.21
 575.0  120.46
 575.2  120.73
 575.3  120.99
 575.5  121.27
 575.6  121.55
 575.8  121.83
 575.9  122.12
 576.1  122.40
 576.2  122.67
 576.4  122.94
 576.5  123.21
 576.7  123.48
 576.8  123.74
 577.0  124.00
 577.1  124.25
 577.3  124.50
 577.4  124.75
 577.6  124.99
 577.7  125.22
 577.8  125.46
 578.0  125.69
 578.1  125.91
 578.3  126.13
 578.4  126.35
 578.6  126.57
 578.7  126.78
 578.9  126.98
 579.0  127.19
 579.2  127.39
 579.3  127.58
 579.5  127.78
 579.6  127.97
 579.8  128.15
 579.9  128.34
 580.1  128.52
 580.2  128.70
 580.4  128.87
 580.5  129.05
 580.7  129.22
 580.8  129.38
 581.0  129.55
 581.1  129.71
 581.3  129.88
 581.4  130.03
 581.6  130.19
 581.7  130.34
 581.9  130.50
 582.0  130.65
 582.2  130.80
 582.3  130.94
 582.5  131.09
 582.6  131.23
 582.8  131.37
 582.9  131.51
 583.1  131.64
 583.2  131.78
 583.4  131.91
 583.5  132.05
 583.7  132.18
 583.8  132.30
 584.0  132.43
 584.1  132.56
 584.3  132.68
 584.4  132.80
 584.6  132.92
 584.7  133.04
 584.9  133.16
 585.0  133.28
 585.2  133.39
 585.3  133.51
 585.5  133.62
 585.6  133.73
 585.8  133.84
 585.9  133.95
 586.1  134.05
 586.2  134.16
 586.4  134.26
 586.5  134.37
 586.7  134.47
 586.8  134.57
 587.0  134.67
 587.1  134.77
 587.3  134.86
 587.4  134.96
 587.6  135.06
 587.7  135.15
 587.9  135.24
 588.0  135.33
 588.2  135.42
 588.3  135.51
 588.5  135.60
 588.6  135.69
 588.8  135.77
 588.9  135.86
 589.1  135.94
 589.2  136.03
 589.4  136.11
 589.5  136.19
 589.7  136.27
 589.8  136.35
 590.0  136.43
 590.1  136.50
 590.3  136.58
 590.4  136.66
 590.6  136.73
 590.7  136.80
 590.9  136.88
 591.0  136.95
 591.2  137.02
 591.3  137.09
 591.5  137.16
 591.6  137.23
 591.8  137.30
 591.9  137.36
 592.1  137.43
 592.2  137.50
 592.4  137.56
 592.5  137.62
 592.7  137.69
 592.8  137.75
 593.0  137.81
 593.1  137.87
 593.3  137.93
 593.4  137.99
 593.6  138.05
 593.7  138.11
 593.9  138.17
 594.0  138.23
 594.2  138.28
 594.3  138.34
 594.5  138.40
 594.6  138.45
 594.8  138.50
 594.9  138.56
 595.1  138.61
 595.2  138.66
 595.4  138.72
 595.5  138.77
 595.7  138.82
 595.8  138.87
 596.0  138.92
 596.1  138.97
 596.3  139.02
 596.4  139.07
 596.6  139.12
 596.7  139.16
 596.9  139.21
 597.0  139.26
 597.2  139.30
 597.3  139.35
 597.5  139.39
 597.6  139.44
 597.8  139.48
 597.9  139.53
 598.1  139.57
 598.2  139.62
 598.4  139.66
 598.5  139.70
 598.7  139.74
 598.8  139.79
 599.0  139.83
 599.1  139.87
 599.3  139.91
 599.4  139.95
 599.6  139.99
 599.7  140.03
 599.9  140.07
 600.0  140.11
 600.2  140.15
 600.3  140.19
 600.5  140.22
 600.6  140.26
 600.8  140.30
 600.9  140.34
 601.1  140.37
 601.2  140.41
 601.4  140.45
 601.5  140.48
 601.7  140.52
 601.8  140.56
 602.0  140.59
 602.1  140.63
 602.3  140.66
 602.4  140.70
 602.6  140.73
 602.7  140.77
 602.9  140.80
 603.0  140.83
 603.2  140.87
 603.3  140.90
 603.5  140.93
 603.6  140.97
 603.8  141.00
 603.9  141.03
 604.1  141.06
 604.2  141.10
 604.4  141.13
 604.5  141.16
 604.7  141.19
 604.8  141.22
 605.0  141.25
 605.1  141.28
 605.3  141.32
 605.4  141.35
 605.6  141.38
 605.7  141.41
 605.9  141.44
 606.0  141.47
 606.2  141.50
 606.3  141.53
 606.5  141.56
 606.6  141.59
 606.8  141.61
 606.9  141.64
 607.1  141.67
 607.2  141.70
 607.4  141.73
 607.5  141.76
 607.7  141.79
 607.8  141.81
 608.0  141.84
 608.1  141.87
 608.3  141.90
 608.4  141.92
 608.6  141.95
 608.7  141.98
 608.9  142.01
 609.0  142.03
 609.2  142.06
 609.3  142.09
 609.5  142.11
 609.6  142.14
 609.8  142.16
 609.9  142.19
 610.1  142.22
 610.2  142.24
 610.4  142.27
 610.5  142.30
 610.7  142.32
 610.8  142.35
 611.0  142.37
 611.1  142.40
 611.3  142.42
 611.4  142.45
 611.6  142.47
 611.7  142.50
 611.9  142.52
 612.0  142.55
 612.2  142.57
 612.3  142.59
 612.5  142.62
 612.6  142.64
 612.8  142.67
 612.9  142.69
 613.1  142.72
 613.2  142.74
 613.4  142.76
 613.5  142.79
 613.7  142.81
 613.8  142.83
 614.0  142.86
 614.1  142.88
 614.3  142.90
 614.4  142.93
 614.6  142.95
 614.7  142.97
 614.9  142.99
 615.0  143.02
 615.2  143.04
 615.3  143.06
 615.5  143.09
 615.6  143.11
 615.8  143.13
 615.9  143.15
 616.1  143.18
 616.2  143.20
 616.4  143.22
 616.5  143.24
 616.7  143.26
 616.8  143.29
 617.0  143.31
 617.1  143.33
 617.3  143.35
 617.4  143.37
 617.6  143.39
 617.7  143.42
 617.9  143.44
 618.0  143.46
 618.2  143.48
 618.3  143.50
 618.5  143.52
 618.6  143.54
 618.8  143.56
 618.9  143.59
 619.1  143.61
 619.2  143.63
 619.4  143.65
 619.5  143.67
 619.7  143.68
 619.8  143.70
 620.0  143.72
 620.1  143.74
 620.3  143.77
 620.4  143.79
 620.6  143.81
 620.7  143.83
 620.9  143.85
 621.0  143.87
 621.2  143.89
 621.3  143.91
 621.5  143.93
 621.6  143.95
 621.8  143.97
 621.9  143.99
 622.1  144.01
 622.2  144.03
 622.4  144.05
 622.5  144.07
 622.7  144.09
 622.8  144.10
 623.0  144.12
 623.1  144.14
 623.3  144.16
 623.4  144.18
 623.6  144.20
 623.7  144.22
 623.9  144.24
 624.0  144.26
 624.2  144.28
 624.3  144.30
 624.5  144.32
 624.6  144.33
 624.8  144.35
 624.9  144.37
 625.1  144.39
 625.2  144.41
 625.4  144.43
 625.5  144.45
 625.7  144.47
 625.8  144.48
 626.0  144.50
 626.1  144.52
 626.3  144.54
 626.4  144.56
 626.6  144.58
 626.7  144.60
 626.9  144.61
 627.0  144.63
 627.2  144.65
 627.3  144.67
 627.5  144.69
 627.6  144.71
 627.8  144.73
 627.9  144.75
 628.1  144.77
 628.2  144.79
 628.4  144.80
 628.5  144.83
 628.7  144.86
 628.8  144.88
 629.0  144.90
 629.1  144.92
 629.3  144.94
 629.4  144.96
 629.6  144.97
 629.7  144.99
 629.9  145.01
 630.0  145.03
 630.2  145.05
 630.3  145.07
 630.5  145.09
 630.6  145.10
 630.8  145.12
 630.9  145.14
 631.1  145.16
 631.2  145.18
 631.4  145.19
 631.5  145.21
 631.7  145.23
 631.8  145.25
 632.0  145.26
 632.1  145.28
 632.3  145.30
 632.4  145.32
 632.6  145.34
 632.7  145.35
 632.9  145.37
 633.0  145.39
 633.2  145.40
 633.3  145.42
 633.5  145.44
 633.6  145.46
 633.8  145.47
 633.9  145.49
 634.1  145.51
 634.2  145.53
 634.4  145.55
 634.5  145.56
 634.7  145.58
 634.8  145.60
 635.0  145.62
 635.1  145.63
 635.3  145.65
 635.4  145.67
 635.6  145.68
 635.7  145.70
 635.9  145.72
 636.0  145.73
 636.2  145.75
 636.3  145.77
 636.5  145.78
 636.6  145.80
 636.8  145.82
 636.9  145.84
 637.1  145.85
 637.2  145.87
 637.4  145.89
 637.5  145.90
 637.7  145.92
 637.8  145.94
 638.0  145.95
 638.1  145.97
 638.3  145.99
 638.4  146.00
 638.6  146.02
 638.7  146.04
 638.9  146.05
 639.0  146.07
 639.2  146.08
 639.3  146.10
 639.5  146.12
 639.6  146.13
 639.8  146.15
 639.9  146.17
 640.1  146.18
 640.2  146.20
 640.4  146.22
 640.5  146.23
 640.7  146.25
 640.8  146.26
 641.0  146.28
 641.1  146.30
 641.3  146.31
 641.4  146.33
 641.6  146.35
 641.7  146.36
 641.9  146.38
 642.0  146.39
 642.2  146.41
 642.3  146.43
 642.5  146.44
 642.6  146.46
 642.8  146.48
 642.9  146.49
 643.1  146.51
 643.2  146.52
 643.4  146.54
 643.5  146.56
 643.7  146.57
 643.8  146.59
 644.0  146.60
 644.1  146.62
 644.3  146.64
 644.4  146.65
 644.6  146.67
 644.7  146.68
 644.9  146.70
 645.0  146.71
 645.2  146.73
 645.3  146.75
 645.5  146.76
 645.6  146.78
 645.8  146.79
 645.9  146.81
 646.1  146.82
 646.2  146.84
 646.4  146.85
 646.5  146.87
 646.7  146.88
 646.8  146.90
 647.0  146.92
 647.1  146.93
 647.3  146.95
 647.4  146.96
 647.6  146.98
 647.7  146.99
 647.9  147.01
 648.0  147.02
 648.2  147.04
 648.3  147.05
 648.5  147.07
 648.6  147.08
 648.8  147.10
 648.9  147.11
 649.1  147.13
 649.2  147.14
 649.4  147.16
 649.5  147.17
 649.7  147.19
 649.8  147.20
 650.0  147.22
 650.1  147.23
 650.2  147.25
 650.4  147.26
 650.5  147.28
 650.7  147.29
 650.8  147.31
 651.0  147.33
 651.1  147.34
 651.3  147.36
 651.4  147.37
 651.6  147.39
 651.7  147.40
 651.9  147.42
 652.0  147.43
 652.2  147.45
 652.3  147.46
 652.5  147.48
 652.6  147.49
 652.8  147.50
 652.9  147.52
 653.1  147.53
 653.2  147.55
 653.4  147.56
 653.5  147.58
 653.7  147.59
 653.8  147.61
 654.0  147.62
 654.1  147.64
 654.3  147.65
 654.4  147.66
 654.6  147.68
 654.7  147.69
 654.9  147.71
 655.0  147.72
 655.2  147.74
 655.3  147.75
 655.5  147.77
 655.6  147.78
 655.8  147.79
 655.9  147.81
 656.1  147.82
 656.2  147.84
 656.4  147.85
 656.5  147.87
 656.7  147.88
 656.8  147.89
 657.0  147.91
 657.1  147.92
 657.3  147.94
 657.4  147.95
 657.6  147.96
 657.7  147.98
 657.9  147.99
 658.0  148.01
 658.2  148.02
 658.3  148.03
 658.5  148.05
 658.6  148.06
 658.8  148.08
 658.9  148.09
 659.1  148.10
 659.2  148.12
 659.4  148.13
 659.5  148.15
 659.7  148.16
 659.8  148.17
 660.0  148.19
 660.1  148.20
 660.3  148.21
 660.4  148.23
 660.6  148.24
 660.7  148.26
 660.9  148.27
 661.0  148.28
 661.2  148.30
 661.3  148.31
 661.5  148.33
 661.6  148.34
 661.8  148.35
 661.9  148.37
 662.1  148.38
 662.2  148.39
 662.4  148.41
 662.5  148.42
 662.7  148.43
 662.8  148.45
 663.0  148.46
 663.1  148.47
 663.3  148.49
 663.4  148.50
 663.6  148.51
 663.7  148.53
 663.9  148.54
 664.0  148.55
 664.2  148.57
 664.3  148.58
 664.5  148.59
 664.6  148.61
 664.8  148.62
 664.9  148.63
 665.1  148.65
 665.2  148.66
 665.4  148.67
 665.5  148.69
 665.7  148.70
 665.8  148.71
 666.0  148.73
 666.1  148.67
 666.3  148.68
 666.4  148.66
 666.6  148.67
 666.7  148.69
 666.9  148.70
 667.0  148.71
 667.2  148.72
 667.3  148.74
 667.5  148.75
 667.6  148.76
 667.8  148.77
 667.9  148.79
 668.1  148.80
 668.2  148.81
 668.4  148.82
 668.5  148.84
 668.7  148.85
 668.8  148.86
 669.0  148.87
 669.1  148.89
 669.3  148.90
 669.4  148.91
 669.6  148.92
 669.7  148.94
 669.9  148.95
 670.0  148.96
 670.2  148.97
 670.3  148.98
 670.5  149.00
 670.6  149.01
 670.8  149.01
 670.9  149.02
 671.1  149.04
 671.2  149.05
 671.4  149.06
 671.5  149.07
 671.7  149.09
 671.8  149.10
 672.0  149.11
 672.1  149.12
 672.3  149.13
 672.4  149.14
 672.6  149.16
 672.7  149.17
 672.9  149.18
 673.0  149.19
 673.2  149.20
 673.3  149.22
 673.5  149.23
 673.6  149.24
 673.8  149.25
 673.9  149.26
 674.1  149.27
 674.2  149.29
 674.4  149.30
 674.5  149.31
 674.7  149.32
 674.8  149.33
 675.0  149.34
 675.1  149.36
 675.3  149.37
 675.4  149.38
 675.6  149.39
 675.7  149.40
 675.9  149.41
 676.0  149.42
 676.2  149.44
 676.3  149.45
 676.5  149.46
 676.6  149.47
 676.8  149.48
 676.9  149.49
 677.1  149.50
 677.2  149.51
 677.4  149.53
 677.5  149.54
 677.7  149.55
 677.8  149.56
 678.0  149.57
 678.1  149.58
 678.3  149.59
 678.4  149.60
 678.6  149.62
 678.7  149.63
 678.9  149.64
 679.0  149.65
 679.2  149.66
 679.3  149.67
 679.5  149.68
 679.6  149.69
 679.8  149.70
 679.9  149.71
 680.1  149.73
 680.2  149.74
 680.4  149.75
 680.5  149.76
 680.7  149.77
 680.8  149.78
 681.0  149.79
 681.1  149.80
 681.3  149.81
 681.4  149.82
 681.6  149.83
 681.7  149.84
 681.9  149.86
 682.0  149.87
 682.2  149.88
 682.3  149.89
 682.5  149.90
 682.6  149.91
 682.8  149.92
 682.9  149.93
 683.1  149.94
 683.2  149.95
 683.4  149.96
 683.5  149.97
 683.7  149.98
 683.8  149.99
 684.0  150.00
 684.1  150.01
 684.3  150.03
 684.4  150.04
 684.6  150.05
 684.7  150.06
 684.9  150.07
 685.0  150.08
 685.2  150.09
 685.3  150.10
 685.5  150.11
 685.6  150.12
 685.8  150.13
 685.9  150.14
 686.1  150.15
 686.2  150.16
 686.4  150.17
 686.5  150.18
 686.7  150.19
 686.8  150.20
 687.0  150.21
 687.1  150.22
 687.3  150.24
 687.4  150.25
 687.6  150.26
 687.7  150.27
 687.9  150.28
 688.0  150.29
 688.2  150.30
 688.3  150.31
 688.5  150.33
 688.6  150.34
 688.8  150.35
 688.9  150.39
 689.1  150.41
 689.2  150.42
 689.4  150.43
 689.5  150.45
 689.7  150.46
 689.8  150.47
 690.0  150.52
 690.1  150.59
 690.3  150.60
 690.4  150.64
 690.6  150.65
 690.7  150.68
 690.9  150.69
 691.0  150.70
 691.2  150.71
 691.3  150.74
 691.5  150.75
 691.6  150.76
 691.8  150.77
 691.9  150.78
 692.1  150.79
 692.2  150.80
 692.4  150.81
 692.5  150.82
 692.7  150.84
 692.8  150.85
 693.0  150.86
 693.1  150.87
 693.3  150.88
 693.4  150.89
 693.6  150.90
 693.7  150.91
 693.9  150.92
 694.0  150.93
 694.2  150.94
 694.3  150.94
 694.5  150.95
 694.6  150.96
 694.8  150.97
 694.9  150.98
 695.1  150.99
 695.2  151.00
 695.4  151.01
 695.5  151.02
 695.7  151.02
 695.8  151.03
 696.0  151.04
 696.1  151.05
 696.3  151.05
 696.4  151.06
 696.6  151.06
 696.7  151.07
 696.9  151.07
 697.0  151.07
 697.2  151.07
 697.3  151.06
 697.5  151.04
 697.6  151.02
 697.8  151.00
 697.9  151.03
 698.1  151.08
 698.2  151.11
 698.4  151.14
 698.5  151.16
 698.7  151.18
 698.8  151.20
 699.0  151.22
 699.1  151.23
 699.3  151.24
 699.4  151.26
 699.6  151.27
 699.7  151.28
 699.9  151.29
 700.0  151.30
 700.2  151.31
 700.3  151.32
 700.5  151.33
 700.6  151.34
 700.8  151.35
 700.9  151.36
 701.1  151.37
 701.2  151.38
 701.4  151.39
 701.5  151.40
 701.7  151.41
 701.8  151.42
 702.0  151.43
 702.1  151.44
 702.3  151.45
 702.4  151.46
 702.6  151.47
 702.7  151.48
 702.9  151.49
 703.0  151.50
 703.2  151.51
 703.3  151.51
 703.5  151.52
 703.6  151.53
 703.8  151.54
 703.9  151.55
 704.1  151.56
 704.2  151.57
 704.4  151.58
 704.5  151.59
 704.7  151.59
 704.8  151.60
 705.0  151.61
 705.1  151.62
 705.3  151.63
 705.4  151.64
 705.6  151.65
 705.7  151.65
 705.9  151.66
 706.0  151.67
 706.2  151.68
 706.3  151.69
 706.5  151.70
 706.6  151.71
 706.8  151.71
 706.9  151.72
 707.1  151.73
 707.2  151.74
 707.4  151.75
 707.5  151.76
 707.7  151.76
 707.8  151.77
 708.0  151.78
 708.1  151.79
 708.3  151.80
 708.4  151.81
 708.6  151.81
 708.7  151.82
 708.9  151.83
 709.0  151.84
 709.2  151.85
 709.3  151.85
 709.5  151.86
 709.6  151.87
 709.8  151.88
 709.9  151.89
 710.1  151.90
 710.2  151.90
 710.4  151.91
 710.5  151.92
 710.7  151.93
 710.8  151.94
 711.0  151.94
 711.1  151.95
 711.3  151.96
 711.4  151.97
 711.6  151.98
 711.7  151.98
 711.9  151.99
 712.0  152.00
 712.2  152.01
 712.3  152.01
 712.5  152.02
 712.6  152.03
 712.8  152.04
 712.9  152.04
 713.1  152.05
 713.2  152.06
 713.4  152.07
 713.5  152.07
 713.7  152.08
 713.8  152.09
 714.0  152.10
 714.1  152.10
 714.3  152.11
 714.4  152.12
 714.6  152.13
 714.7  152.13
 714.9  152.14
 715.0  152.15
 715.2  152.16
 715.3  152.16
 715.5  152.17
 715.6  152.18
 715.8  152.19
 715.9  152.19
 716.1  152.20
 716.2  152.21
 716.4  152.22
 716.5  152.22
 716.7  152.23
 716.8  152.24
 717.0  152.24
 717.1  152.25
 717.3  152.23
 717.4  152.24
 717.6  152.22
 717.7  152.23
 717.9  152.24
 718.0  152.24
 718.2  152.25
 718.3  152.26
 718.5  152.26
 718.6  152.27
 718.8  152.28
 718.9  152.29
 719.1  152.29
 719.2  152.30
 719.4  152.31
 719.5  152.31
 719.7  152.32
 719.8  152.33
 720.0  152.33
 720.1  152.34
 720.3  152.35
 720.4  152.35
 720.6  152.36
 720.7  152.37
 720.9  152.37
 721.0  152.38
 721.2  152.39
 721.3  152.39
 721.5  152.40
 721.6  152.40
 721.8  152.41
 721.9  152.42
 722.1  152.42
 722.2  152.43
 722.3  152.44
 722.5  152.44
 722.6  152.45
 722.8  152.46
 722.9  152.46
 723.1  152.47
 723.2  152.47
 723.4  152.48
 723.5  152.49
 723.7  152.49
 723.8  152.50
 724.0  152.51
 724.1  152.51
 724.3  152.52
 724.4  152.52
 724.6  152.53
 724.7  152.54
 724.9  152.54
 725.0  152.55
 725.2  152.56
 725.3  152.56
 725.5  152.57
 725.6  152.57
 725.8  152.58
 725.9  152.59
 726.1  152.59
 726.2  152.60
 726.4  152.60
 726.5  152.61
 726.7  152.61
 726.8  152.62
 727.0  152.63
 727.1  152.63
 727.3  152.64
 727.4  152.64
 727.6  152.65
 727.7  152.66
 727.9  152.66
 728.0  152.67
 728.2  152.67
 728.3  152.68
 728.5  152.68
 728.6  152.69
 728.8  152.70
 728.9  152.70
 729.1  152.71
 729.2  152.71
 729.4  152.72
 729.5  152.72
 729.7  152.73
 729.8  152.73
 730.0  152.74
 730.1  152.75
 730.3  152.75
 730.4  152.76
 730.6  152.76
 730.7  152.77
 730.9  152.77
 731.0  152.78
 731.2  152.78
 731.3  152.79
 731.5  152.79
 731.6  152.80
 731.8  152.80
 731.9  152.81
 732.1  152.81
 732.2  152.82
 732.4  152.82
 732.5  152.83
 732.7  152.84
 732.8  152.84
 733.0  152.85
 733.1  152.85
 733.3  152.86
 733.4  152.86
 733.6  152.87
 733.7  152.87
 733.9  152.88
 734.0  152.88
 734.2  152.89
 734.3  152.89
 734.5  152.90
 734.6  152.90
 734.8  152.91
 734.9  152.91
 735.1  152.91
 735.2  152.92
 735.4  152.92
 735.5  152.93
 735.7  152.93
 735.8  152.94
 736.0  152.94
 736.1  152.95
 736.3  152.95
 736.4  152.96
 736.6  152.96
 736.7  152.97
 736.9  152.97
 737.0  152.98
 737.2  152.98
 737.3  152.98
 737.5  152.99
 737.6  152.99
 737.8  153.00
 737.9  153.00
 738.1  153.01
 738.2  153.01
 738.4  153.02
 738.5  153.02
 738.7  153.03
 738.8  153.03
 739.0  153.03
 739.1  153.04
 739.3  153.04
 739.4  153.05
 739.6  153.05
 739.7  153.06
 739.9  153.06
 740.0  153.06
 740.2  153.07
 740.3  153.07
 740.5  153.08
 740.6  153.08
 740.8  153.08
 740.9  153.09
 741.1  153.09
 741.2  153.10
 741.4  153.10
 741.5  153.10
 741.7  153.11
 741.8  153.11
 742.0  153.12
 742.1  153.12
 742.3  153.12
 742.4  153.13
 742.6  153.13
 742.7  153.14
 742.9  153.14
 743.0  153.14
 743.2  153.15
 743.3  153.15
 743.5  153.16
 743.6  153.16
 743.8  153.16
 743.9  153.17
 744.1  153.17
 744.2  153.17
 744.4  153.18
 744.5  153.18
 744.7  153.19
 744.8  153.19
 745.0  153.19
 745.1  153.20
 745.3  153.20
 745.4  153.20
 745.6  153.21
 745.7  153.21
 745.9  153.22
 746.0  153.22
 746.2  153.22
 746.3  153.23
 746.5  153.23
 746.6  153.23
 746.8  153.24
 746.9  153.24
 747.1  153.24
 747.2  153.25
 747.4  153.25
 747.5  153.25
 747.7  153.26
 747.8  153.26
 748.0  153.26
 748.1  153.26
 748.3  153.27
 748.4  153.27
 748.6  153.27
 748.7  153.28
 748.9  153.28
 749.0  153.28
 749.2  153.29
 749.3  153.29
 749.5  153.29
 749.6  153.30
 749.8  153.30
 749.9  153.30
 750.1  153.30
 750.2  153.31
 750.4  153.31
 750.5  153.31
 750.7  153.32
 750.8  153.32
 751.0  153.32
 751.1  153.32
 751.3  153.33
 751.4  153.33
 751.6  153.33
 751.7  153.34
 751.9  153.34
 752.0  153.34
 752.2  153.34
 752.3  153.35
 752.5  153.35
 752.6  153.35
 752.8  153.35
 752.9  153.36
 753.1  153.36
 753.2  153.36
 753.4  153.37
 753.5  153.37
 753.7  153.37
 753.8  153.37
 754.0  153.38
 754.1  153.38
 754.3  153.38
 754.4  153.39
 754.6  153.39
 754.7  153.39
 754.9  153.40
 755.0  153.41
 755.2  153.41
 755.3  153.41
 755.5  153.42
 755.6  153.42
 755.8  153.42
 755.9  153.43
 756.1  153.43
 756.2  153.43
 756.4  153.47
 756.5  153.49
 756.7  153.50
 756.8  153.51
 757.0  153.51
 757.1  153.52
 757.3  153.52
 757.4  153.58
 757.6  153.67
 757.7  153.67
 757.9  153.71
 758.0  153.71
 758.2  153.72
 758.3  153.74
 758.5  153.74
 758.6  153.75
 758.8  153.78
 758.9  153.78
 759.1  153.78
 759.2  153.78
 759.4  153.79
 759.5  153.80
 759.7  153.80
 759.8  153.80
 760.0  153.80
 760.1  153.80
 760.3  153.81
 760.4  153.81
 760.6  153.81
 760.7  153.80
 760.9  153.81
 761.0  153.81
 761.2  153.81
 761.3  153.81
 761.5  153.81
 761.6  153.81
 761.8  153.82
 761.9  153.82
 762.1  153.82
 762.2  153.82
 762.4  153.82
 762.5  153.82
 762.7  153.82
 762.8  153.82
 763.0  153.82
 763.1  153.83
 763.3  153.83
 763.4  153.83
 763.6  153.83
 763.7  153.83
 763.9  153.83
 764.0  153.81
 764.2  153.81
 764.3  153.80
 764.5  153.80
 764.6  153.80
 764.8  153.80
 764.9  153.80
 765.1  153.80
 765.2  153.80
 765.4  153.80
 765.5  153.80
 765.7  153.80
 765.8  153.80
 766.0  153.80
 766.1  153.80
 766.3  153.80
 766.4  153.80
 766.6  153.80
 766.7  153.80
 766.9  153.80
 767.0  153.80
 767.2  153.80
 767.3  153.80
 767.5  153.80
 767.6  153.80
 767.8  153.80
 767.9  153.80
 768.1  153.80
 768.2  153.80
 768.4  153.80
 768.5  153.80
 768.7  153.80
 768.8  153.80
 769.0  153.80
 769.1  153.80
 769.3  153.80
 769.4  153.80
 769.6  153.80
 769.7  153.80
 769.9  153.80
 770.0  153.80
 770.2  153.80
 770.3  153.80
 770.5  153.80
 770.6  153.80
 770.8  153.80
 770.9  153.80
 771.1  153.81
 771.2  153.81
 771.4  153.82
 771.5  153.81
 771.7  153.81
 771.8  153.81
 772.0  153.81
 772.1  153.81
 772.3  153.81
 772.4  153.87
 772.6  153.89
 772.7  153.90
 772.9  153.91
 773.0  153.91
 773.2  153.90
 773.3  153.90
 773.5  153.99
 773.6  154.13
 773.8  154.13
 773.9  154.19
 774.1  154.19
 774.2  154.24
 774.4  154.24
 774.5  154.23
 774.7  154.23
 774.8  154.30
 775.0  154.29
 775.1  154.29
 775.3  154.29
 775.4  154.30
 775.6  154.30
 775.7  154.29
 775.9  154.29
 776.0  154.28
 776.2  154.28
 776.3  154.28
 776.5  154.28
 776.6  154.27
 776.8  154.27
 776.9  154.26
 777.1  154.26
 777.2  154.26
 777.4  154.26
 777.5  154.25
 777.7  154.24
 777.8  154.24
 778.0  154.23
 778.1  154.23
 778.3  154.22
 778.4  154.21
 778.6  154.21
 778.7  154.20
 778.9  154.19
 779.0  154.18
 779.2  154.18
 779.3  154.17
 779.5  154.16
 779.6  154.15
 779.8  154.14
 779.9  154.14
 780.1  154.13
 780.2  154.12
 780.4  154.11
 780.5  154.10
 780.7  154.09
 780.8  154.08
 781.0  154.07
 781.1  154.06
 781.3  154.05
 781.4  154.04
 781.6  154.03
 781.7  154.01
 781.9  154.00
 782.0  153.99
 782.2  153.98
 782.3  153.97
 782.5  153.95
 782.6  153.94
 782.8  153.93
 782.9  153.91
 783.1  153.90
 783.2  153.88
 783.4  153.87
 783.5  153.85
 783.7  153.84
 783.8  153.82
 784.0  153.80
 784.1  153.78
 784.3  153.77
 784.4  153.75
 784.6  153.73
 784.7  153.71
 784.9  153.69
 785.0  153.67
 785.2  153.65
 785.3  153.63
 785.5  153.61
 785.6  153.58
 785.8  153.56
 785.9  153.54
 786.1  153.51
 786.2  153.49
 786.4  153.46
 786.5  153.43
 786.7  153.41
 786.8  153.38
 787.0  153.35
 787.1  153.32
 787.3  153.29
 787.4  153.26
 787.6  153.23
 787.7  153.20
 787.9  153.16
 788.0  153.13
 788.2  153.09
 788.3  153.05
 788.5  153.01
 788.6  152.97
 788.8  152.93
 788.9  152.89
 789.1  152.84
 789.2  152.80
 789.4  152.75
 789.5  152.70
 789.7  152.65
 789.8  152.60
 790.0  152.55
 790.1  152.49
 790.3  152.44
 790.4  152.38
 790.6  152.32
 790.7  152.25
 790.9  152.19
 791.0  152.12
 791.2  152.05
 791.3  151.98
 791.5  151.90
 791.6  151.83
 791.8  151.75
 791.9  151.66
 792.1  151.58
 792.2  151.49
 792.4  151.39
 792.5  151.30
 792.7  151.20
 792.8  151.09
 793.0  150.98
 793.1  150.87
 793.3  150.75
 793.4  150.63
 793.6  150.51
 793.7  150.37
 793.9  150.24
 794.0  150.09
 794.2  149.94
 794.3  149.79
 794.5  149.63
 794.6  149.46
 794.7  149.28
 794.9  149.10
 795.0  148.91
 795.2  148.71
 795.3  148.50
 795.5  148.28
 795.6  148.05
 795.8  147.81
 795.9  147.56
 796.1  147.30
 796.2  147.03
 796.4  146.75
 796.5  146.45
 796.7  146.14
 796.8  145.81
 797.0  145.48
 797.1  145.12
 797.3  144.75
 797.4  144.36
 797.6  143.96
 797.7  143.54
 797.9  143.09
 798.0  142.64
 798.2  142.16
 798.3  141.66
 798.5  141.14
 798.6  140.61
 798.8  140.05
 798.9  139.48
 799.1  138.89
 799.2  138.28
 799.4  137.67
 799.5  137.04
 799.7  136.40
 799.8  135.77
 800.0  135.15
 800.1  134.55
 800.3  134.00
 800.4  133.52
 800.6  133.18
 800.7  133.06
 800.9  133.19
 801.0  133.52
 801.2  133.99
 801.3  134.54
 801.5  135.13
 801.6  135.75
 801.8  136.37
 801.9  137.00
 802.1  137.62
 802.2  138.23
 802.4  138.83
 802.5  139.41
 802.7  139.98
 802.8  140.52
 803.0  141.05
 803.1  141.56
 803.3  142.05
 803.4  142.53
 803.6  142.98
 803.7  143.41
 803.9  143.83
 804.0  144.23
 804.2  144.61
 804.3  144.98
 804.5  145.33
 804.6  145.66
 804.8  145.98
 804.9  146.29
 805.1  146.58
 805.2  146.86
 805.4  147.13
 805.5  147.39
 805.7  147.63
 805.8  147.87
 806.0  148.09
 806.1  148.31
 806.3  148.51
 806.4  148.71
 806.6  148.90
 806.7  149.08
 806.9  149.25
 807.0  149.42
 807.2  149.57
 807.3  149.72
 807.5  149.86
 807.6  150.00
 807.8  150.14
 807.9  150.26
 808.1  150.39
 808.2  150.51
 808.4  150.62
 808.5  150.73
 808.7  150.84
 808.8  150.94
 809.0  151.04
 809.1  151.13
 809.3  151.23
 809.4  151.31
 809.6  151.40
 809.7  151.48
 809.9  151.56
 810.0  151.63
 810.2  151.71
 810.3  151.78
 810.5  151.84
 810.6  151.91
 810.8  151.97
 810.9  152.03
 811.1  152.09
 811.2  152.15
 811.4  152.20
 811.5  152.26
 811.7  152.31
 811.8  152.36
 812.0  152.41
 812.1  152.45
 812.3  152.50
 812.4  152.54
 812.6  152.59
 812.7  152.63
 812.9  152.67
 813.0  152.70
 813.2  152.74
 813.3  152.78
 813.5  152.81
 813.6  152.85
 813.8  152.88
 813.9  152.91
 814.1  152.94
 814.2  152.97
 814.4  153.00
 814.5  153.03
 814.7  153.05
 814.8  153.08
 815.0  153.11
 815.1  153.13
 815.3  153.15
 815.4  153.18
 815.6  153.20
 815.7  153.22
 815.9  153.24
 816.0  153.26
 816.2  153.28
 816.3  153.30
 816.5  153.32
 816.6  153.34
 816.8  153.36
 816.9  153.38
 817.1  153.39
 817.2  153.41
 817.4  153.43
 817.5  153.44
 817.7  153.46
 817.8  153.47
 818.0  153.49
 818.1  153.50
 818.3  153.51
 818.4  153.53
 818.6  153.54
 818.7  153.55
 818.9  153.56
 819.0  153.57
 819.2  153.59
 819.3  153.60
 819.5  153.61
 819.6  153.62
 819.8  153.63
 819.9  153.64
 820.1  153.65
 820.2  153.66
 820.4  153.66
 820.5  153.67
 820.7  153.68
 820.8  153.69
 821.0  153.70
 821.1  153.71
 821.3  153.71
 821.4  153.72
 821.6  153.73
 821.7  153.73
 821.9  153.74
 822.0  153.75
 822.2  153.75
 822.3  153.76
 822.5  153.77
 822.6  153.77
 822.8  153.78
 822.9  153.78
 823.1  153.79
 823.2  153.79
 823.4  153.80
 823.5  153.80
 823.7  153.81
 823.8  153.81
 824.0  153.81
 824.1  153.82
 824.3  153.82
 824.4  153.83
 824.6  153.83
 824.7  153.83
 824.9  153.84
 825.0  153.84
 825.2  153.84
 825.3  153.84
 825.5  153.85
 825.6  153.85
 825.8  153.85
 825.9  153.86
 826.1  153.86
 826.2  153.86
 826.4  153.86
 826.5  153.86
 826.7  153.87
 826.8  153.87
 827.0  153.87
 827.1  153.87
 827.3  153.87
 827.4  153.87
 827.6  153.88
 827.7  153.88
 827.9  153.88
 828.0  153.88
 828.2  153.88
 828.3  153.88
 828.5  153.88
 828.6  153.88
 828.8  153.88
 828.9  153.88
 829.1  153.88
 829.2  153.88
 829.4  153.88
 829.5  153.89
 829.7  153.89
 829.8  153.89
 830.0  153.89
 830.1  153.89
 830.3  153.89
 830.4  153.89
 830.6  153.88
 830.7  153.88
 830.9  153.88
 831.0  153.88
 831.2  153.88
 831.3  153.88
 831.5  153.88
 831.6  153.88
 831.8  153.88
 831.9  153.88
 832.1  153.88
 832.2  153.88
 832.4  153.88
 832.5  153.88
 832.7  153.88
 832.8  153.87
 833.0  153.87
 833.1  153.87
 833.3  153.87
 833.4  153.87
 833.6  153.87
 833.7  153.87
 833.9  153.87
 834.0  153.86
 834.2  153.86
 834.3  153.86
 834.5  153.86
 834.6  153.86
 834.8  153.86
 834.9  153.85
 835.1  153.85
 835.2  153.85
 835.4  153.85
 835.5  153.85
 835.7  153.84
 835.8  153.84
 836.0  153.84
 836.1  153.84
 836.3  153.84
 836.4  153.83
 836.6  153.83
 836.7  153.83
 836.9  153.83
 837.0  153.83
 837.2  153.82
 837.3  153.82
 837.5  153.81
 837.6  153.81
 837.8  153.81
 837.9  153.81
 838.1  153.80
 838.2  153.80
 838.4  153.80
 838.5  153.80
 838.7  153.79
 838.8  153.79
 839.0  153.79
 839.1  153.79
 839.3  153.78
 839.4  153.78
 839.6  153.78
 839.7  153.78
 839.9  153.78
 840.0  153.77
 840.2  153.77
 840.3  153.77
 840.5  153.76
 840.6  153.76
 840.8  153.76
 840.9  153.75
 841.1  153.75
 841.2  153.75
 841.4  153.74
 841.5  153.74
 841.7  153.74
 841.8  153.73
 842.0  153.73
 842.1  153.73
 842.3  153.72
 842.4  153.72
 842.6  153.72
 842.7  153.71
 842.9  153.71
 843.0  153.71
 843.2  153.70
 843.3  153.70
 843.5  153.70
 843.6  153.69
 843.8  153.69
 843.9  153.69
 844.1  153.68
 844.2  153.68
 844.4  153.67
 844.5  153.67
 844.7  153.67
 844.8  153.66
 845.0  153.66
 845.1  153.66
 845.3  153.65
 845.4  153.65
 845.6  153.64
 845.7  153.64
 845.9  153.64
 846.0  153.63
 846.2  153.63
 846.3  153.62
 846.5  153.62
 846.6  153.62
 846.8  153.61
 846.9  153.61
 847.1  153.59
 847.2  153.59
 847.4  153.58
 847.5  153.57
 847.7  153.57
 847.8  153.57
 848.0  153.56
 848.1  153.56
 848.3  153.55
 848.4  153.55
 848.6  153.54
 848.7  153.54
 848.9  153.54
 849.0  153.53
 849.2  153.53
 849.3  153.52
 849.5  153.52
 849.6  153.51
 849.8  153.51
 849.9  153.50
 850.1  153.50
 850.2  153.50
 850.4  153.49
 850.5  153.49
 850.7  153.48
 850.8  153.48
 851.0  153.47
 851.1  153.47
 851.3  153.46
 851.4  153.46
 851.6  153.45
 851.7  153.45
 851.9  153.45
 852.0  153.44
 852.2  153.44
 852.3  153.43
 852.5  153.43
 852.6  153.42
 852.8  153.42
 852.9  153.41
 853.1  153.41
 853.2  153.40
 853.4  153.40
 853.5  153.39
 853.7  153.39
 853.8  153.38
 854.0  153.38
 854.1  153.37
 854.3  153.37
 854.4  153.36
 854.6  153.36
 854.7  153.35
 854.9  153.35
 855.0  153.34
 855.2  153.34
 855.3  153.33
 855.5  153.33
 855.6  153.32
 855.8  153.32
 855.9  153.31
 856.1  153.31
 856.2  153.30
 856.4  153.30
 856.5  153.29
 856.7  153.29
 856.8  153.28
 857.0  153.28
 857.1  153.27
 857.3  153.27
 857.4  153.26
 857.6  153.26
 857.7  153.25
 857.9  153.25
 858.0  153.24
 858.2  153.24
 858.3  153.23
 858.5  153.22
 858.6  153.22
 858.8  153.21
 858.9  153.21
 859.1  153.20
 859.2  153.20
 859.4  153.19
 859.5  153.19
 859.7  153.18
 859.8  153.18
 860.0  153.17
 860.1  153.17
 860.3  153.16
 860.4  153.15
 860.6  153.15
 860.7  153.14
 860.9  153.14
 861.0  153.13
 861.2  153.13
 861.3  153.12
 861.5  153.12
 861.6  153.11
 861.8  153.10
 861.9  153.10
 862.1  153.09
 862.2  153.09
 862.4  153.08
 862.5  153.08
 862.7  153.07
 862.8  153.06
 863.0  153.06
 863.1  153.05
 863.3  153.05
 863.4  153.04
 863.6  153.04
 863.7  153.03
 863.9  153.02
 864.0  153.02
 864.2  153.01
 864.3  153.01
 864.5  153.00
 864.6  153.00
 864.8  152.99
 864.9  152.98
 865.1  152.98
 865.2  152.97
 865.4  152.97
 865.5  152.96
 865.7  152.96
 865.8  152.95
 866.0  152.94
 866.1  152.94
 866.3  152.93
 866.4  152.93
 866.6  152.92
 866.7  152.91
 866.8  152.91
 867.0  152.90
 867.1  152.90
 867.3  152.89
 867.4  152.88
 867.6  152.88
 867.7  152.87
 867.9  152.87
 868.0  152.86
 868.2  152.85
 868.3  152.85
 868.5  152.84
 868.6  152.84
 868.8  152.83
 868.9  152.82
 869.1  152.82
 869.2  152.81
 869.4  152.80
 869.5  152.80
 869.7  152.79
 869.8  152.79
 870.0  152.78
 870.1  152.78
 870.3  152.77
 870.4  152.77
 870.6  152.76
 870.7  152.75
 870.9  152.75
 871.0  152.74
 871.2  152.73
 871.3  152.73
 871.5  152.72
 871.6  152.71
 871.8  152.71
 871.9  152.70
 872.1  152.70
 872.2  152.69
 872.4  152.68
 872.5  152.68
 872.7  152.67
 872.8  152.66
 873.0  152.66
 873.1  152.65
 873.3  152.64
 873.4  152.64
 873.6  152.63
 873.7  152.63
 873.9  152.62
 874.0  152.61
 874.2  152.61
 874.3  152.60
 874.5  152.59
 874.6  152.59
 874.8  152.58
 874.9  152.57
 875.1  152.57
 875.2  152.56
 875.4  152.55
 875.5  152.55
 875.7  152.54
 875.8  152.53
 876.0  152.53
 876.1  152.52
 876.3  152.52
 876.4  152.51
 876.6  152.50
 876.7  152.50
 876.9  152.49
 877.0  152.48
 877.2  152.48
 877.3  152.47
 877.5  152.46
 877.6  152.46
 877.8  152.45
 877.9  152.44
 878.1  152.44
 878.2  152.43
 878.4  152.42
 878.5  152.42
 878.7  152.41
 878.8  152.40
 879.0  152.40
 879.1  152.39
 879.3  152.38
 879.4  152.38
 879.6  152.37
 879.7  152.36
 879.9  152.36
 880.0  152.35
 880.2  152.34
 880.3  152.34
 880.5  152.33
 880.6  152.32
 880.8  152.32
 880.9  152.31
 881.1  152.30
 881.2  152.29
 881.4  152.29
 881.5  152.28
 881.7  152.27
 881.8  152.27
 882.0  152.26
 882.1  152.25
 882.3  152.25
 882.4  152.24
 882.6  152.23
 882.7  152.23
 882.9  152.22
 883.0  152.21
 883.2  152.21
 883.3  152.20
 883.5  152.19
 883.6  152.18
 883.8  152.17
 883.9  152.16
 884.1  152.15
 884.2  152.14
 884.4  152.14
 884.5  152.13
 884.7  152.12
 884.8  152.12
 885.0  152.11
 885.1  152.10
 885.3  152.10
 885.4  152.09
 885.6  152.08
 885.7  152.07
 885.9  152.07
 886.0  152.06
 886.2  152.05
 886.3  152.05
 886.5  152.04
 886.6  152.03
 886.8  152.03
 886.9  152.02
 887.1  152.01
 887.2  152.00
 887.4  152.00
 887.5  151.99
 887.7  151.98
 887.8  151.98
 888.0  151.97
 888.1  151.96
 888.3  151.95
 888.4  151.95
 888.6  151.94
 888.7  151.93
 888.9  151.93
 889.0  151.92
 889.2  151.91
 889.3  151.90
 889.5  151.90
 889.6  151.89
 889.8  151.88
 889.9  151.88
 890.1  151.87
 890.2  151.86
 890.4  151.85
 890.5  151.85
 890.7  151.84
 890.8  151.83
 891.0  151.82
 891.1  151.82
 891.3  151.81
 891.4  151.80
 891.6  151.80
 891.7  151.79
 891.9  151.78
 892.0  151.77
 892.2  151.77
 892.3  151.76
 892.5  151.75
 892.6  151.74
 892.8  151.74
 892.9  151.73
 893.1  151.72
 893.2  151.72
 893.4  151.71
 893.5  151.70
 893.7  151.69
 893.8  151.69
 894.0  151.68
 894.1  151.67
 894.3  151.66
 894.4  151.66
 894.6  151.65
 894.7  151.64
 894.9  151.63
 895.0  151.63
 895.2  151.62
 895.3  151.61
 895.5  151.60
 895.6  151.60
 895.8  151.59
 895.9  151.58
 896.1  151.57
 896.2  151.57
 896.4  151.56
 896.5  151.55
 896.7  151.54
 896.8  151.54
 897.0  151.53
 897.1  151.52
 897.3  151.51
 897.4  151.51
 897.6  151.50
 897.7  151.49
 897.9  151.48
 898.0  151.48
 898.2  151.47
 898.3  151.46
 898.5  151.45
 898.6  151.45
 898.8  151.44
 898.9  151.43
 899.1  151.42
 899.2  151.42
 899.4  151.41
 899.5  151.40
 899.7  151.39
 899.8  151.39
 900.0  151.38
 900.1  151.37
 900.3  151.36
 900.4  151.36
 900.6  151.35
 900.7  151.34
 900.9  151.33
 901.0  151.33
 901.2  151.32
 901.3  151.31
 901.5  151.30
 901.6  151.29
 901.8  151.28
 901.9  151.28
 902.1  151.27
 902.2  151.26
 902.4  151.25
 902.5  151.25
 902.7  151.24
 902.8  151.23
 903.0  151.22
 903.1  151.22
 903.3  151.21
 903.4  151.20
 903.6  151.19
 903.7  151.18
 903.9  151.18
 904.0  151.18
 904.2  151.17
 904.3  151.16
 904.5  151.15
 904.6  151.14
 904.8  151.14
 904.9  151.13
 905.1  151.12
 905.2  151.11
 905.4  151.11
 905.5  151.10
 905.7  151.09
 905.8  151.08
 906.0  151.07
 906.1  151.07
 906.3  151.06
 906.4  151.05
 906.6  151.04
 906.7  151.03
 906.9  151.03
 907.0  151.02
 907.2  151.01
 907.3  151.00
 907.5  151.00
 907.6  150.99
 907.8  150.98
 907.9  150.97
 908.1  150.96
 908.2  150.96
 908.4  150.95
 908.5  150.94
 908.7  150.93
 908.8  150.92
 909.0  150.92
 909.1  150.91
 909.3  150.90
 909.4  150.89
 909.6  150.88
 909.7  150.88
 909.9  150.87
 910.0  150.86
 910.2  150.85
 910.3  150.85
 910.5  150.84
 910.6  150.83
 910.8  150.82
 910.9  150.81
 911.1  150.81
 911.2  150.80
 911.4  150.79
 911.5  150.78
 911.7  150.77
 911.8  150.77
 912.0  150.76
 912.1  150.75
 912.3  150.74
 912.4  150.73
 912.6  150.73
 912.7  150.72
 912.9  150.71
 913.0  150.70
 913.2  150.69
 913.3  150.69
 913.5  150.68
 913.6  150.67
 913.8  150.66
 913.9  150.65
 914.1  150.65
 914.2  150.64
 914.4  150.63
 914.5  150.62
 914.7  150.61
 914.8  150.60
 915.0  150.60
 915.1  150.59
 915.3  150.58
 915.4  150.57
 915.6  150.56
 915.7  150.56
 915.9  150.55
 916.0  150.54
 916.2  150.53
 916.3  150.52
 916.5  150.52
 916.6  150.51
 916.8  150.50
 916.9  150.49
 917.1  150.48
 917.2  150.47
 917.4  150.46
 917.5  150.45
 917.7  150.44
 917.8  150.43
 918.0  150.42
 918.1  150.42
 918.3  150.41
 918.4  150.40
 918.6  150.39
 918.7  150.38
 918.9  150.38
 919.0  150.37
 919.2  150.36
 919.3  150.35
 919.5  150.34
 919.6  150.33
 919.8  150.33
 919.9  150.32
 920.1  150.31
 920.2  150.30
 920.4  150.29
 920.5  150.28
 920.7  150.28
 920.8  150.27
 921.0  150.26
 921.1  150.25
 921.3  150.24
 921.4  150.23
 921.6  150.23
 921.7  150.22
 921.9  150.21
 922.0  150.20
 922.2  150.19
 922.3  150.18
 922.5  150.18
 922.6  150.17
 922.8  150.16
 922.9  150.15
 923.1  150.14
 923.2  150.13
 923.4  150.12
 923.5  150.12
 923.7  150.11
 923.8  150.10
 924.0  150.09
 924.1  150.08
 924.3  150.07
 924.4  150.06
 924.6  150.06
 924.7  150.05
 924.9  150.04
 925.0  150.03
 925.2  150.02
 925.3  150.01
 925.5  150.00
 925.6  149.99
 925.8  149.98
 925.9  149.97
 926.1  149.97
 926.2  149.96
 926.4  149.95
 926.5  149.94
 926.7  149.93
 926.8  149.92
 927.0  149.91
 927.1  149.90
 927.3  149.88
 927.4  149.87
 927.6  149.86
 927.7  149.85
 927.9  149.84
 928.0  149.82
 928.2  149.81
 928.3  149.79
 928.5  149.78
 928.6  149.76
 928.8  149.74
 928.9  149.71
 929.1  149.69
 929.2  149.66
 929.4  149.62
 929.5  149.57
 929.7  149.51
 929.8  149.43
 930.0  149.34
 930.1  149.29
 930.3  149.32
 930.4  149.40
 930.6  149.46
 930.7  149.51
 930.9  149.53
 931.0  149.56
 931.2  149.57
 931.3  149.58
 931.5  149.59
 931.6  149.59
 931.8  149.59
 931.9  149.59
 932.1  149.59
 932.2  149.59
 932.4  149.58
 932.5  149.58
 932.7  149.57
 932.8  149.57
 933.0  149.56
 933.1  149.56
 933.3  149.55
 933.4  149.55
 933.6  149.54
 933.7  149.53
 933.9  149.53
 934.0  149.52
 934.2  149.51
 934.3  149.50
 934.5  149.50
 934.6  149.49
 934.8  149.48
 934.9  149.47
 935.1  149.47
 935.2  149.46
 935.4  149.45
 935.5  149.44
 935.7  149.43
 935.8  149.43
 936.0  149.42
 936.1  149.41
 936.3  149.40
 936.4  149.39
 936.6  149.38
 936.7  149.38
 936.9  149.37
 937.0  149.36
 937.2  149.35
 937.3  149.34
 937.5  149.33
 937.6  149.32
 937.8  149.32
 937.9  149.31
 938.1  149.30
 938.2  149.29
 938.4  149.28
 938.5  149.27
 938.7  149.26
 938.8  149.25
 938.9  149.24
 939.1  149.23
 939.2  149.23
 939.4  149.22
 939.5  149.21
 939.7  149.20
 939.8  149.18
 940.0  149.17
 940.1  149.16
 940.3  149.15
 940.4  149.15
 940.6  149.13
 940.7  149.12
 940.9  149.10
 941.0  149.09
 941.2  149.07
 941.3  149.05
 941.5  149.02
 941.6  148.99
 941.8  148.94
 941.9  148.89
 942.1  148.80
 942.2  148.68
 942.4  148.65
 942.5  148.74
 942.7  148.82
 942.8  148.87
 943.0  148.90
 943.1  148.92
 943.3  148.93
 943.4  148.94
 943.6  148.94
 943.7  148.94
 943.9  148.94
 944.0  148.94
 944.2  148.94
 944.3  148.93
 944.5  148.93
 944.6  148.92
 944.8  148.92
 944.9  148.91
 945.1  148.90
 945.2  148.90
 945.4  148.89
 945.5  148.88
 945.7  148.87
 945.8  148.87
 946.0  148.86
 946.1  148.85
 946.3  148.84
 946.4  148.84
 946.6  148.83
 946.7  148.82
 946.9  148.81
 947.0  148.80
 947.2  148.80
 947.3  148.79
 947.5  148.78
 947.6  148.77
 947.8  148.76
 947.9  148.75
 948.1  148.74
 948.2  148.73
 948.4  148.72
 948.5  148.71
 948.7  148.71
 948.8  148.70
 949.0  148.69
 949.1  148.68
 949.3  148.67
 949.4  148.66
 949.6  148.66
 949.7  148.65
 949.9  148.64
 950.0  148.63
 950.2  148.62
 950.3  148.61
 950.5  148.60
 950.6  148.60
 950.8  148.59
 950.9  148.58
 951.1  148.57
 951.2  148.56
 951.4  148.55
 951.5  148.55
 951.7  148.54
 951.8  148.53
 952.0  148.52
 952.1  148.51
 952.3  148.50
 952.4  148.49
 952.6  148.49
 952.7  148.48
 952.9  148.47
 953.0  148.46
 953.2  148.45
 953.3  148.44
 953.5  148.43
 953.6  148.42
 953.8  148.42
 953.9  148.41
 954.1  148.40
 954.2  148.39
 954.4  148.38
 954.5  148.37
 954.7  148.37
 954.8  148.36
 955.0  148.35
 955.1  148.34
 955.3  148.33
 955.4  148.32
 955.6  148.31
 955.7  148.31
 955.9  148.30
 956.0  148.29
 956.2  148.28
 956.3  148.27
 956.5  148.26
 956.6  148.25
 956.8  148.25
 956.9  148.24
 957.1  148.23
 957.2  148.22
 957.4  148.21
 957.5  148.20
 957.7  148.19
 957.8  148.19
 958.0  148.18
 958.1  148.17
 958.3  148.16
 958.4  148.15
 958.6  148.14
 958.7  148.13
 958.9  148.13
 959.0  148.12
 959.2  148.11
 959.3  148.10
 959.5  148.09
 959.6  148.08
 959.8  148.07
 959.9  148.07
 960.1  148.06
 960.2  148.05
 960.4  148.04
 960.5  148.03
 960.7  148.02
 960.8  148.01
 961.0  148.00
 961.1  148.00
 961.3  147.99
 961.4  147.98
 961.6  147.97
 961.7  147.96
 961.9  147.95
 962.0  147.94
 962.2  147.94
 962.3  147.93
 962.5  147.92
 962.6  147.91
 962.8  147.90
 962.9  147.89
 963.1  147.88
 963.2  147.88
 963.4  147.87
 963.5  147.86
 963.7  147.85
 963.8  147.84
 964.0  147.83
 964.1  147.82
 964.3  147.82
 964.4  147.81
 964.6  147.80
 964.7  147.79
 964.9  147.78
 965.0  147.77
 965.2  147.76
 965.3  147.76
 965.5  147.75
 965.6  147.74
 965.8  147.73
 965.9  147.72
 966.1  147.71
 966.2  147.70
 966.4  147.69
 966.5  147.69
 966.7  147.68
 966.8  147.67
 967.0  147.66
 967.1  147.65
 967.3  147.64
 967.4  147.63
 967.6  147.63
 967.7  147.62
 967.9  147.61
 968.0  147.60
 968.2  147.59
 968.3  147.58
 968.5  147.57
 968.6  147.57
 968.8  147.56
 968.9  147.55
 969.1  147.54
 969.2  147.53
 969.4  147.52
 969.5  147.51
 969.7  147.51
 969.8  147.50
 970.0  147.49
 970.1  147.48
 970.3  147.47
 970.4  147.46
 970.6  147.45
 970.7  147.44
 970.9  147.44
 971.0  147.43
 971.2  147.42
 971.3  147.41
 971.5  147.40
 971.6  147.39
 971.8  147.38
 971.9  147.38
 972.1  147.37
 972.2  147.36
 972.4  147.35
 972.5  147.34
 972.7  147.33
 972.8  147.32
 973.0  147.32
 973.1  147.31
 973.3  147.30
 973.4  147.29
 973.6  147.28
 973.7  147.27
 973.9  147.26
 974.0  147.26
 974.2  147.25
 974.3  147.24
 974.5  147.23
 974.6  147.22
 974.8  147.21
 974.9  147.20
 975.1  147.19
 975.2  147.18
 975.4  147.17
 975.5  147.16
 975.7  147.15
 975.8  147.15
 976.0  147.14
 976.1  147.13
 976.3  147.12
 976.4  147.11
 976.6  147.10
 976.7  147.09
 976.9  147.08
 977.0  147.07
 977.2  147.07
 977.3  147.06
 977.5  147.05
 977.6  147.04
 977.8  147.03
 977.9  147.02
 978.1  147.01
 978.2  147.01
 978.4  147.00
 978.5  146.99
 978.7  146.98
 978.8  146.97
 979.0  146.96
 979.1  146.95
 979.3  146.95
 979.4  146.94
 979.6  146.93
 979.7  146.92
 979.9  146.91
 980.0  146.90
 980.2  146.89
 980.3  146.90
 980.5  146.89
 980.6  146.88
 980.8  146.87
 980.9  146.86
 981.1  146.86
 981.2  146.85
 981.4  146.84
 981.5  146.83
 981.7  146.82
 981.8  146.81
 982.0  146.80
 982.1  146.79
 982.3  146.79
 982.4  146.78
 982.6  146.77
 982.7  146.76
 982.9  146.75
 983.0  146.74
 983.2  146.73
 983.3  146.73
 983.5  146.72
 983.6  146.71
 983.8  146.70
 983.9  146.69
 984.1  146.68
 984.2  146.67
 984.4  146.67
 984.5  146.66
 984.7  146.65
 984.8  146.64
 985.0  146.63
 985.1  146.62
 985.3  146.61
 985.4  146.60
 985.6  146.60
 985.7  146.59
 985.9  146.58
 986.0  146.57
 986.2  146.56
 986.3  146.55
 986.5  146.54
 986.6  146.54
 986.8  146.53
 986.9  146.52
 987.1  146.51
 987.2  146.50
 987.4  146.49
 987.5  146.48
 987.7  146.48
 987.8  146.47
 988.0  146.46
 988.1  146.45
 988.3  146.44
 988.4  146.43
 988.6  146.42
 988.7  146.42
 988.9  146.41
 989.0  146.40
 989.2  146.39
 989.3  146.38
 989.5  146.37
 989.6  146.36
 989.8  146.35
 989.9  146.35
 990.1  146.34
 990.2  146.33
 990.4  146.32
 990.5  146.31
 990.7  146.30
 990.8  146.29
 991.0  146.29
 991.1  146.28
 991.3  146.27
 991.4  146.26
 991.6  146.25
 991.7  146.24
 991.9  146.23
 992.0  146.23
 992.2  146.22
 992.3  146.21
 992.5  146.20
 992.6  146.19
 992.8  146.18
 992.9  146.17
 993.1  146.16
 993.2  146.16
 993.4  146.15
 993.5  146.14
 993.7  146.13
 993.8  146.12
 994.0  146.11
 994.1  146.10
 994.3  146.10
 994.4  146.09
 994.6  146.08
 994.7  146.07
 994.9  146.06
 995.0  146.05
 995.2  146.04
 995.3  146.04
 995.5  146.03
 995.6  146.02
 995.8  146.01
 995.9  146.00
 996.1  145.99
 996.2  145.98
 996.4  145.97
 996.5  145.97
 996.7  145.96
 996.8  145.95
 997.0  145.94
 997.1  145.93
 997.3  145.92
 997.4  145.91
 997.6  145.91
 997.7  145.90
 997.9  145.89
 998.0  145.88
 998.2  145.87
 998.3  145.86
 998.5  145.85
 998.6  145.84
 998.8  145.84
 998.9  145.83
 999.1  145.82
 999.2  145.81
 999.4  145.80
 999.5  145.79
 999.7  145.78
 999.8  145.78
1000.0  145.77
1000.1  145.75
1000.3  145.75
1000.4  145.74
1000.6  145.73
1000.7  145.72
1000.9  145.71
1001.0  145.70
1001.2  145.69
1001.3  145.68
1001.5  145.68
1001.6  145.67
1001.8  145.66
1001.9  145.65
1002.1  145.64
1002.2  145.63
1002.4  145.62
1002.5  145.61
1002.7  145.61
1002.8  145.60
1003.0  145.59
1003.1  145.58
1003.3  145.57
1003.4  145.56
1003.6  145.55
1003.7  145.55
1003.9  145.54
1004.0  145.53
1004.2  145.52
1004.3  145.51
1004.5  145.50
1004.6  145.49
1004.8  145.49
1004.9  145.48
1005.1  145.47
1005.2  145.46
1005.4  145.45
1005.5  145.44
1005.7  145.43
1005.8  145.42
1006.0  145.42
1006.1  145.41
1006.3  145.40
1006.4  145.39
1006.6  145.38
1006.7  145.37
1006.9  145.36
1007.0  145.36
1007.2  145.35
1007.3  145.34
1007.5  145.33
1007.6  145.32
1007.8  145.31
1007.9  145.30
1008.1  145.29
1008.2  145.29
1008.4  145.28
1008.5  145.27
1008.7  145.26
1008.8  145.25
1009.0  145.24
1009.1  145.23
1009.3  145.23
1009.4  145.22
1009.6  145.21
1009.7  145.20
1009.9  145.19
1010.0  145.18
1010.2  145.17
1010.3  145.16
1010.5  145.16
1010.6  145.15
1010.8  145.14
1010.9  145.13
1011.1  145.12
1011.2  145.11
1011.3  145.10
1011.5  145.09
1011.6  145.09
1011.8  145.08
1011.9  145.07
1012.1  145.06
1012.2  145.05
1012.4  145.04
1012.5  145.03
1012.7  145.02
1012.8  145.02
1013.0  145.01
1013.1  145.00
1013.3  144.99
1013.4  144.98
1013.6  144.97
1013.7  144.96
1013.9  144.95
1014.0  144.94
1014.2  144.93
1014.3  144.93
1014.5  144.92
1014.6  144.91
1014.8  144.90
1014.9  144.89
1015.1  144.88
1015.2  144.87
1015.4  144.87
1015.5  144.86
1015.7  144.85
1015.8  144.84
1016.0  144.83
1016.1  144.82
1016.3  144.81
1016.4  144.80
1016.6  144.80
1016.7  144.79
1016.9  144.78
1017.0  144.77
1017.2  144.76
1017.3  144.75
1017.5  144.74
1017.6  144.73
1017.8  144.72
1017.9  144.72
1018.1  144.71
1018.2  144.70
1018.4  144.69
1018.5  144.68
1018.7  144.67
1018.8  144.66
1019.0  144.65
1019.1  144.65
1019.3  144.64
