#Fitted antenna positions - Fri Aug  8 15:22:11 2014                            
     50.2044    -65.7461    -36.9664      0.0000      0.0000      0.0000
    -36.5708     77.8211     79.2885      0.0000      0.0000      0.0000
     37.0828   -139.8109    -18.1646      0.0000      0.0000      0.0000
     78.9856     77.0507    -76.2240      0.0000      0.0000      0.0000
    -52.6430     20.0768    100.9741      0.0000      0.0000      0.0000
    -57.1493    -64.7681    107.5549      0.0000      0.0000      0.0000
     14.9406    -68.0555      9.5017      0.0000      0.0000      0.0000
     13.8299      0.0000     10.4576      0.0000      0.0000      0.0000
    -13.4320     27.0242     46.6382      0.0000      0.0000      0.0000
      7.2560    -27.0621     18.9968      0.0000      0.0000      0.0000
      5.5056     64.5383     21.2298      0.0000      0.0000      0.0000
     31.1243     39.1834    -12.9135      0.0000      0.0000      0.0000
     28.3847    -39.4604     -8.9130      0.0000      0.0000      0.0000
     -7.5041     -4.4632     38.7806      0.0000      0.0000      0.0000
      4.1304     22.5887     23.3159      0.0000      0.0000      0.0000
     85.1323    -17.9734    -98.7213      0.0000      0.0000      0.0000
     60.5983     10.3239    -65.4339      0.0000      0.0000      0.0000
     96.9235   -146.2571   -112.7178      0.0000      0.0000      0.0000
    -22.6005    -99.3216     47.8633      0.0000      0.0000      0.0000
     74.0813    -29.3948    -83.8103      0.0000      0.0000      0.0000
     92.0130      7.6319   -108.0721      0.0000      0.0000      0.0000
     62.3695    -14.5904    -67.8870      0.9452      0.0000      0.0000
     78.1038      4.7027    -89.6443      0.0000      0.0000      0.0000
