#Fitted antenna positions - Mon Dec 23 12:14:51 2013                            
    184.4585   -113.2469   -216.9183      0.0000      0.0000      0.0000
    -31.4026    116.3311     71.7588      0.0000      0.0000      0.0000
     -8.9580   -199.9647     44.9122      0.0000      0.0000      0.0000
     17.5284    142.0845      6.4508      0.0000      0.0000      0.0000
   -109.4641    -96.4839    179.6688      0.0000      0.0000      0.0000
    -73.7146   -150.5577    132.4945      0.0000      0.0000      0.0000
     14.9429    -68.0085      9.4984      0.0000      0.0000      0.0000
     13.8299      0.0000     10.4576      0.0000      0.0000      0.0000
    -13.4057     27.0096     46.6046      2.7711      0.0000      0.0000
     36.5819   -139.7463    -18.5988      0.0000      0.0000      0.0000
     49.5778    -65.6205    -37.2869     -2.8654      0.0000      0.0000
     31.1042     39.2310    -12.8879     -1.3155      0.0000      0.0000
     28.3583    -39.4187     -8.8761      0.0000      0.0000      0.0000
    -57.7296    -64.6194    107.3060      0.0000      0.0000      0.0000
     78.4612     76.9929    -76.6280      0.0000      0.0000      0.0000
     85.1329    -17.9765    -98.7210      0.0000      0.0000      0.0000
     62.3689    -14.5939    -67.9046      0.0000      0.0000      0.0000
     96.9241   -146.2597   -112.7177      0.0000      0.0000      0.0000
    -22.6001    -99.3238     47.8625      0.0000      0.0000      0.0000
     74.0811    -29.3985    -83.8105      0.0000      0.0000      0.0000
     69.3582      6.6872    -77.5089      0.0000      0.0000      0.0000
     74.3634    -12.7351    -84.3029      0.0000      0.0000      0.0000
     78.1055      4.7000    -89.6442      0.0000      0.0000      0.0000
