#Fitted antenna positions - Thu Jul  8 13:26:10 2010
     47.8448     -8.1641    -33.8743      0.0000      0.0000      0.0000
    -36.5262     77.7670     79.3607      0.0000      0.0000      0.0000
    -15.9291    -99.6675     52.9694      0.0000      0.0000      0.0000
    -57.0613    -65.0433    107.5494      0.0000      0.0000      0.0000
     58.1973     41.7114    -48.0960      0.0000      0.0000      0.0000
    -52.5869     20.0324    101.0369      0.0000      0.0000      0.0000
     15.0736    -68.2743      9.4699      0.0000      0.0000      0.0000
     13.8950     -0.2260     10.5128     -1.8909      0.0000      0.0000
    -13.2318     26.6943     46.5156      0.0000      0.0000      0.0000
      4.2736     22.3699     23.2724      0.0000      0.0000      0.0000
      7.3920    -27.2824     18.9701      0.0000      0.0000      0.0000
      5.6411     64.2715     21.1753      0.0000      0.0000      0.0000
     28.4624    -39.5270     -8.8719      0.0000      0.0000      0.0000
     31.2194     39.0775    -12.8436      0.0000      0.0000      0.0000
     -7.4616     -4.7302     38.7934      0.0000      0.0000      0.0000
      0.0000      0.0000      0.0000      0.0000      0.0000      0.0000
      0.0000      0.0000      0.0000      0.0000      0.0000      0.0000
      0.0000      0.0000      0.0000      0.0000      0.0000      0.0000
      0.0000      0.0000      0.0000      0.0000      0.0000      0.0000
      0.0000      0.0000      0.0000      0.0000      0.0000      0.0000
      0.0000      0.0000      0.0000      0.0000      0.0000      0.0000
      0.0000      0.0000      0.0000      0.0000      0.0000      0.0000
      0.0000      0.0000      0.0000      0.0000      0.0000      0.0000