#Fitted antenna positions - Mon Dec 22 13:49:15 2014                            
    184.4566   -113.2635   -216.9160      0.0000      0.0000      0.0000
    -31.3088    116.1760     71.6330      0.0000      0.0000      0.0000
     -8.9684   -199.9817     44.9215      0.0000      0.0000      0.0000
     17.4470    142.2486      6.5548      0.0000      0.0000      0.0000
   -109.4573    -96.5196    179.6561      0.0000      0.0000      0.0000
    -73.6031   -150.7454    132.3435     -0.0390      0.0000      0.0000
     14.9410    -68.0550      9.5019      0.0000      0.0000      0.0000
     13.8299     -0.0000     10.4576      0.0000      0.0000      0.0000
    -13.4312     27.0241     46.6387      0.0000      0.0000      0.0000
     36.5900   -139.7273    -18.6082      0.0000      0.0000      0.0000
     49.5785    -65.5932    -37.2854      0.0000      0.0000      0.0000
     31.1252     39.1827    -12.9117      0.0000      0.0000      0.0000
     28.3860    -39.4606     -8.9124      0.0000      0.0000      0.0000
    -57.6372    -64.7608    107.1833      0.0000      0.0000      0.0000
     78.4563     77.0600    -76.6163      0.0000      0.0000      0.0000
     85.1351    -17.9738    -98.7197      0.0000      0.0000      0.0000
     60.6007     10.3241    -65.4332      0.0000      0.0000      0.0000
     62.3707    -14.5960    -67.9006      0.0000      0.0000      0.0000
     69.3594      6.6903    -77.5128      0.0000      0.0000      0.0000
     74.0838    -29.3951    -83.8089      0.0000      0.0000      0.0000
     92.0155      7.6320   -108.0711      0.0000      0.0000      0.0000
     74.3659    -12.7370    -84.3033      0.0000      0.0000      0.0000
     78.1068      4.7024    -89.6430      0.0000      0.0000      0.0000
