#Fitted antenna positions - Wed Feb 13 15:00:17 2013                            
    184.4233   -113.2468   -216.9665      0.0000      0.0000      0.0000
    -31.3860    116.1824     71.6379      0.0000      0.0000      0.0000
     -9.0432   -199.7767     44.9300      0.0000      0.0000      0.0000
    -73.7036   -150.7246    132.3525      0.0000      0.0000      0.0000
   -109.5168    -96.4772    179.6430      0.0000      0.0000      0.0000
     17.4578    142.2684      6.4808      0.0000      0.0000      0.0000
     14.9196    -67.9961      9.4356      0.0000      0.0000      0.0000
     13.7834      0.0035     10.4251      0.8244      0.0000      0.0000
    -13.4106     27.0490     46.5186     -0.2073      0.0000      0.0000
      7.3107    -27.0401     18.8277      0.0000      0.0000      0.0000
     49.5989    -65.7302    -37.4102      0.0000      0.0000      0.0000
     31.0541     39.3478    -12.9149      0.0000      0.0000      0.0000
     28.3453    -39.3891     -8.9543      0.0000      0.0000      0.0000
      4.1741     22.6056     23.2300     -0.1519      0.0000      0.0000
     -7.6053     -4.4557     38.7512     -0.2234      0.0000      0.0000
     85.1190    -17.9558    -98.7996      0.0000      0.0000      0.0000
     62.3593    -14.5768    -67.9855      0.0000      0.0000      0.0000
     41.0397     -8.0498    -38.9656      0.0000      0.0000      0.0000
     51.2026    -43.6103    -58.9983      0.0000      0.0000      0.0000
     74.0698    -29.3780    -83.8920      0.0000      0.0000      0.0000
     69.3488      6.7143    -77.5932      0.0000      0.0000      0.0000
     74.3484    -12.7288    -84.3826      0.0000      0.0000      0.0000
     78.0895      4.7197    -89.7230      0.0000      0.0000      0.0000
