#Fitted antenna positions - Mon Mar  7 17:47:02 2011                            
     48.1475     -7.9254    -34.4266      0.0000      0.0000      0.0000
    -36.2115     77.8015     78.7941      0.1758      0.0000      0.0000
    -15.6273    -99.4309     52.4180     -1.0215      0.0000      0.0000
    -56.7345    -64.7944    106.9665     -1.2013      0.0000      0.0000
    -52.2696     20.0612    100.4648     -2.6148      0.0000      0.0000
     58.5092     41.9812    -48.6559      0.0303      0.0000      0.0000
     15.3669    -68.0342      8.9242      1.4865      0.0000      0.0000
     13.7854      0.0000     10.4942      0.0000      0.0000      0.0000
    -12.9557     27.0400     45.9959     -1.5268      0.0000      0.0000
      4.7478     22.4183     22.4877      2.8461      0.0000      0.0000
     -7.1276     -4.4820     38.2177     -0.9514      0.0000      0.0000
      5.9766     64.5361     20.5786     -3.5482      0.0000      0.0000
     28.8514    -39.4316     -9.5442      0.8868      0.0000      0.0000
     31.5215     39.3109    -13.3980      1.1115      0.0000      0.0000
      7.7893    -27.0601     18.2699      0.8971      0.0000      0.0000
     85.5706    -17.9789    -99.3186     -2.5555      0.0000      0.0000
     62.8145    -14.6037    -68.5086      2.4033      0.0000      0.0000
     31.0920    160.3800    -25.1494     -2.2933      0.0000      0.0000
    -46.7771    -84.9459     79.8101      1.0032      0.0000      0.0000
     61.0460     10.3221    -66.0226     -1.2943      0.0000      0.0000
     92.4540      7.6179   -108.6805     -0.5340      0.0000      0.0000
     74.5045    -29.4115    -84.4005     -3.1387      0.0000      0.0000
     78.5383      4.7003    -90.2498      3.7968      0.0000      0.0000
