#Fitted antenna positions - Mon Jan 18 15:24:46 2010                            
   1991.7609  -1241.6506  -2644.3440     -2.5159      0.0000      0.0000
    383.6422  -1580.0271   -329.8436      0.4320      0.0000      0.0000
    549.2942    373.9816   -698.0912      0.2533      0.0000      0.0000
  -1189.9656   -788.9414   1665.3076      0.0000      0.0000      0.0000
   -566.8489    642.2391    788.7629      0.6850      0.0000      0.0000
    850.7705  -4527.2788   -829.5900     -7.2097      0.0000      0.0000
    336.7827  -3180.3472   -294.8436      3.5382      0.0000      0.0000
   -196.7716  -1521.4507    416.5650     -0.2610      0.0000      0.0000
    369.2749   -738.8182   -429.3006      0.9499      0.0000      0.0000
   -952.3822  -1095.2441   1348.1833      0.2737      0.0000      0.0000
   1645.2179  -2289.8743  -2064.5479      1.5048      0.0000      0.0000
  -1235.3330  -4204.9565   1862.6699      1.1235      0.0000      0.0000
   -429.4326   -944.0102    645.8544      0.0000      0.0000      0.0000
   1337.0835   -920.0374  -1742.8665     -0.8792      0.0000      0.0000
   -725.0359  -3435.0647   1133.9374      1.6315      0.0000      0.0000
      0.0000      0.0000      0.0000      0.0000      0.0000      0.0000
      0.0000      0.0000      0.0000      0.0000      0.0000      0.0000
      0.0000      0.0000      0.0000      0.0000      0.0000      0.0000
      0.0000      0.0000      0.0000      0.0000      0.0000      0.0000
      0.0000      0.0000      0.0000      0.0000      0.0000      0.0000
      0.0000      0.0000      0.0000      0.0000      0.0000      0.0000
      0.0000      0.0000      0.0000      0.0000      0.0000      0.0000
      0.0000      0.0000      0.0000      0.0000      0.0000      0.0000
