Fitted antenna positions - Wed Jul  6 14:44:20 2011
    184.4308   -113.3766   -216.9108     -2.3668      0.0000      0.0000
    -31.3822    116.2507     71.6895      2.6194      0.0000      0.0000
     -8.9847   -200.0822     44.9101      2.0839      0.0000      0.0000
    -73.6826   -150.8774    132.3845     -0.0768      0.0000      0.0000
   -109.4980    -96.6336    179.6764      1.2492      0.0000      0.0000
     17.5079    142.1673      6.4799      0.0000      0.0000      0.0000
     14.9105    -68.1374      9.5147      0.5815      0.0000      0.0000
     13.7854      0.0000     10.4942      0.0000      0.0000      0.0000
    -13.3923     26.9292     46.5583      2.5289      0.0000      0.0000
     47.1727     -8.0372    -34.3143      0.8301      0.0000      0.0000
    103.0852   -146.4628   -108.0763      2.5900      0.0000      0.0000
     49.5887    -65.7049    -37.3370      2.3040      0.0000      0.0000
     28.3575    -39.5489     -8.9058      0.9065      0.0000      0.0000
     78.5194     76.9485    -76.6648     -2.5119      0.0000      0.0000
     36.6766   -139.7978    -18.7552      2.0104      0.0000      0.0000
     85.1320    -18.0826    -98.7505      0.0000      0.0000      0.0000
     62.3753    -14.7059    -67.9396      0.0000      0.0000      0.0000
     30.6548    160.2814    -24.5832      0.0000      0.0000      0.0000
    -47.2141    -85.0491     80.3756      0.0000      0.0000      0.0000
     60.6075     10.2187    -65.4542      0.0000      0.0000      0.0000
     69.3619      6.5854    -77.5461      0.0000      0.0000      0.0000
     74.3611    -12.8444    -84.3325      0.0000      0.0000      0.0000
     78.1058      4.5974    -89.6758      0.0000      0.0000      0.0000