#Fitted antenna positions - Mon Feb  2 15:32:08 2009                            
   1991.8423  -1241.6702  -2644.4773      1.4713      0.0000      0.0000
    383.6278  -1580.0782   -329.8431      0.0000      0.0000      0.0000
    850.7819  -4527.3301   -829.6940      0.6073      0.0000      0.0000
  -1189.9990   -788.9590   1665.3209      0.9622      0.0000      0.0000
   -566.8530    642.2061    788.7340      2.9780      0.0000      0.0000
    549.2952    373.9641   -698.0535      2.3933      0.0000      0.0000
    336.7749  -3180.3760   -294.8573      0.9710      0.0000      0.0000
   -196.8096  -1521.5048    416.5921      1.7984      0.0000      0.0000
    369.2868   -738.8553   -429.3392      0.4017      0.0000      0.0000
   -952.3765  -1095.3362   1348.1475      4.1974      0.0000      0.0000
   1645.2079  -2289.8989  -2064.5552      1.2535      0.0000      0.0000
   -725.0362  -3435.0664   1133.9264      2.9039      0.0000      0.0000
  -1235.3536  -4205.0288   1862.6660      2.7099      0.0000      0.0000
   1337.1224   -920.0521  -1742.9369     -0.5249      0.0000      0.0000
   -429.4145   -944.0462    645.8001      1.1235      0.0000      0.0000
