#Fitted antenna positions - Tue Aug  5 00:31:59 2014                            
     50.2049    -65.7465    -36.9662      0.0284      0.0000      0.0000
    -36.5711     77.8210     79.2896      0.0553      0.0000      0.0000
     37.0866   -139.8108    -18.1630      0.0124      0.0000      0.0000
     78.9873     77.0505    -76.2219      0.0836      0.0000      0.0000
    -52.6424     20.0775    100.9746     -0.1130      0.0000      0.0000
    -57.1478    -64.7679    107.5555     -0.0165      0.0000      0.0000
     14.9404    -68.0554      9.5005     -0.0304      0.0000      0.0000
     13.8299      0.0000     10.4576      0.0000      0.0000      0.0000
    -13.4322     27.0240     46.6385      0.0035      0.0000      0.0000
      7.2559    -27.0623     18.9961     -0.0868      0.0000      0.0000
      5.5051     64.5382     21.2301     -0.0646      0.0000      0.0000
     31.1242     39.1836    -12.9129      0.0000      0.0000      0.0000
     28.3853    -39.4606     -8.9133     -0.0590      0.0000      0.0000
     -7.5038     -4.4632     38.7804     -0.1254      0.0000      0.0000
      4.1292     22.5883     23.3155     -0.0812      0.0000      0.0000
     85.1322    -17.9743    -98.7209     -0.0659      0.0000      0.0000
     60.5985     10.3231    -65.4333      0.4706      0.0000      0.0000
     96.9241   -146.2576   -112.7172     -0.0333      0.0000      0.0000
    -22.6014    -99.3221     47.8630     -0.0591      0.0000      0.0000
     74.0807    -29.3957    -83.8103     -0.0456      0.0000      0.0000
     91.9775      7.6191   -108.0476      0.0000      0.0000      0.0000
     62.4785    -14.6126    -67.8641      0.0000      0.0000      0.0000
     78.1028      4.7018    -89.6448      0.0000      0.0000      0.0000
