#Fitted antenna positions - Tue Apr 14 19:19:08 2009                            
   -296.5302   -223.6791    438.5984     -1.0078      0.0000      0.0000
    237.6842   -399.3253   -287.0960      2.0531      0.0000      0.0000
     -8.9296   -200.0262     45.0085     -1.9936      0.0000      0.0000
    439.6852   -242.8193   -562.0610     -2.6556      0.0000      0.0000
    103.7606   -146.6316   -107.7087     -2.2196      0.0000      0.0000
     32.7025    376.5795     10.1661     -0.8004      0.0000      0.0000
    247.3205    -70.3233   -304.2300     -2.8029      0.0000      0.0000
     13.6779     -0.5385     10.7859      0.0000      0.0000      0.0000
    -42.8864   -466.7796     91.5351      0.0617      0.0000      0.0000
     69.6752   -332.6549    -60.9891     -0.3185      0.0000      0.0000
     49.7710    -65.9849    -37.4106      0.4311      0.0000      0.0000
   -104.2666    291.7004    169.6568     -2.6056      0.0000      0.0000
    186.3599    212.3934   -199.5025      0.0000      0.0000      0.0000
   -208.7816   -360.1768    317.5703      0.0000      0.0000      0.0000
     78.6129     76.7778    -76.6962     -2.2330      0.0000      0.0000
