#Fitted antenna positions - Tue Oct 11 03:04:44 2011                            
    184.4619   -113.3738   -216.9483      0.0000      0.0000      0.0000
    -31.3107    116.0324     71.6021     -0.7675      0.0000      0.0000
     -8.9586   -200.0688     44.8792     -1.4484      0.0000      0.0000
    -73.6396   -150.8499    132.3300      2.5747      0.0000      0.0000
   -109.4497    -96.6225    179.6184      1.7024      0.0000      0.0000
     17.5463    141.9568      6.4289     -0.1673      0.0000      0.0000
     14.9456    -68.1366      9.4697     -2.1245      0.0000      0.0000
     13.8193      0.0000     10.4496      0.0000      0.0000      0.0000
    -13.3564     26.9296     46.5144      2.0544      0.0000      0.0000
     78.5114     76.9520    -76.7160      2.6455      0.0000      0.0000
    103.0456   -146.3917   -108.0204     -2.5459      0.0000      0.0000
     49.6401    -65.6963    -37.4048      1.9436      0.0000      0.0000
     28.3932    -39.5487     -8.9499     -0.7915      0.0000      0.0000
     31.1376     39.2161    -12.9005      0.8607      0.0000      0.0000
     36.5831   -139.8828    -18.6347      3.4168      0.0000      0.0000
     85.1662    -18.0804    -98.7963      0.0000      0.0000      0.0000
     62.4111    -14.7040    -67.9836     -4.1017      0.0000      0.0000
     30.6900    160.2826    -24.6269     -1.6828      0.0000      0.0000
    -47.1821    -85.0577     80.3401     -2.6319      0.0000      0.0000
     74.1140    -29.5055    -83.8816     -3.8856      0.0000      0.0000
     69.3978      6.5869    -77.5906     -1.1067      0.0000      0.0000
     74.3968    -12.8428    -84.3763     -1.5000      0.0000      0.0000
     78.1407      4.5992    -89.7192     -2.0332      0.0000      0.0000
