#Fitted antenna positions - Mon Jan  2 12:09:23 2012                            
    549.2117    374.1639   -698.0281      0.0000      0.0000      0.0000
    383.4878  -1579.8932   -329.8321      0.0000      0.0000      0.0000
   -184.0430   -980.3215    318.1368      0.0000      0.0000      0.0000
  -1190.1154   -788.7706   1665.2925      0.0000      0.0000      0.0000
   -566.9714    642.3740    788.7320      0.0000      0.0000      0.0000
    -40.5902   -755.0286    106.1436      0.0000      0.0000      0.0000
    209.2856   -695.9291   -209.1075      0.0000      0.0000      0.0000
   -196.9162  -1521.3090    416.5533      0.0000      0.0000      0.0000
   -429.5448   -943.8420    645.8361      0.0000      0.0000      0.0000
    -74.1089   -150.6918    131.8931      0.0000      0.0000      0.0000
    369.1264   -738.6653   -429.3211      0.0000      0.0000      0.0000
    103.0968   -146.3158   -108.1262      0.0000      0.0000      0.0000
   -357.0389   -526.6070    520.1171      0.0000      0.0000      0.0000
    133.4108  -1141.7889    -93.8981      0.0000      0.0000      0.0000
   -696.9969   -523.1024   1037.6935      0.0000      0.0000      0.0000
     87.9039    -53.5169   -102.2452      0.0000      0.0000      0.0000
   -440.7479  -1008.2012    648.2591      2.8232      0.0000      0.0000
    571.7490    307.5461   -743.1906      3.0197      0.0000      0.0000
   -215.7800  -1589.0537    427.2981     -1.5493      0.0000      0.0000
   -574.1823    561.9076    791.5009      0.3489      0.0000      0.0000
    381.4386  -1660.7205   -345.5826      2.2958      0.0000      0.0000
    368.8505   -818.9545   -439.6502      2.9627      0.0000      0.0000
  -1188.2552   -868.8932   1639.5131     -0.0449      0.0000      0.0000
