#Fitted antenna positions - Sun Jan 13 20:43:37 2013                            
   -103.7792    291.6733    170.0219     -0.0382      0.0000      0.0000
     -8.7963   -200.2258     44.9210     -0.1850      0.0000      0.0000
    439.6050   -242.8207   -562.1185     -0.9224      0.0000      0.0000
     32.6176    376.5499     10.1197     -1.6882      0.0000      0.0000
    237.5311   -399.3535   -287.1770      0.3614      0.0000      0.0000
   -296.6342   -223.6949    438.5204     -0.3545      0.0000      0.0000
    247.2309    -70.3211   -304.2414      3.1611      0.0000      0.0000
     13.8810     -0.2591     10.3945     -2.2093      0.0000      0.0000
     69.5960   -332.6634    -60.9808     -1.2191      0.0000      0.0000
    -42.9852   -466.7798     91.4986      0.9981      0.0000      0.0000
     49.6760    -65.8467    -37.4144      0.0000      0.0000      0.0000
    103.1438   -146.4587   -108.1280      0.5545      0.0000      0.0000
    186.2875    212.3871   -199.5420     -2.0608      0.0000      0.0000
     78.5889     76.7939    -76.7255      0.3025      0.0000      0.0000
   -208.9170   -360.2039    317.5464     -3.0387      0.0000      0.0000
     85.2052    -18.2323    -98.8123      0.2257      0.0000      0.0000
     60.6680     10.0659    -65.5234     -2.3339      0.0000      0.0000
     30.7263    160.1302    -24.6454     -2.7563      0.0000      0.0000
    -47.1442    -85.1964     80.3164      1.7673      0.0000      0.0000
     74.1559    -29.6549    -83.9051     -0.6669      0.0000      0.0000
     92.0813      7.3622   -108.1645     -1.5190      0.0000      0.0000
     62.4585    -14.8465    -67.9800     -0.8359      0.0000      0.0000
     78.1760      4.4442    -89.7352     -1.9735      0.0000      0.0000
