#Fitted antenna positions - Wed Aug 27 21:10:19 2008                            
     17.6986    142.0126      6.4628     -1.8515      0.0000      0.0000
    -31.2065    115.8722     71.6029     -2.9641      0.0000      0.0000
     -8.8283   -200.2446     44.8580      0.0000      0.0000      0.0000
    -73.5646   -150.8217    132.3828      2.7228      0.0000      0.0000
    184.5647   -113.5743   -217.0263     -2.4013      0.0000      0.0000
   -109.3366    -96.7670    179.6130     -3.2012      0.0000      0.0000
     36.8304   -140.0886    -18.7515     -0.9396      0.0000      0.0000
     13.9354     -0.1161     10.4473      1.6067      0.0000      0.0000
     49.7521    -65.8381    -37.3734     -0.8450      0.0000      0.0000
    107.0624    -35.5318   -114.5526     -2.6562      0.0000      0.0000
     15.0532    -68.3169      9.4528      0.0000      0.0000      0.0000
    103.2407   -146.6398   -108.1411     -2.3964      0.0000      0.0000
     28.5650    -39.5772     -9.0238      0.0000      0.0000      0.0000
     47.3875     -8.2278    -34.3816     -2.1291      0.0000      0.0000
     78.6274     76.7567    -76.7260      2.4438      0.0000      0.0000
