#Fitted antenna positions - Wed Jan  6 23:48:08 2010                            
    -40.4170   -755.1605    106.1968      0.0000      0.0000      0.0000
    383.6437  -1580.0265   -329.8451      1.8826      0.0000      0.0000
    549.2915    373.9840   -698.0921     -1.6724      0.0000      0.0000
  -1189.9674   -788.9412   1665.3064      0.1691      0.0000      0.0000
   -566.8517    642.2395    788.7635      0.5785      0.0000      0.0000
   -183.8851   -980.4370    318.1908      0.0000      0.0000      0.0000
   -696.8317   -523.2433   1037.7262      0.7617      0.0000      0.0000
   -196.7714  -1521.4500    416.5626     -0.9644      0.0000      0.0000
    369.2751   -738.8171   -429.3014     -1.0376      0.0000      0.0000
    237.0708   -399.3066   -287.5387     -0.4496      0.0000      0.0000
   -356.8810   -526.7564    520.1218     -2.6906      0.0000      0.0000
    -73.9643   -150.6997    131.9110     -2.1453      0.0000      0.0000
   -429.4321   -944.0099    645.8540     -0.9745      0.0000      0.0000
    133.5382  -1141.9290    -93.8707      2.2114      0.0000      0.0000
    103.2313   -146.5996   -108.1229     -0.0701      0.0000      0.0000
      0.0000      0.0000      0.0000      0.0000      0.0000      0.0000
      0.0000      0.0000      0.0000      0.0000      0.0000      0.0000
      0.0000      0.0000      0.0000      0.0000      0.0000      0.0000
      0.0000      0.0000      0.0000      0.0000      0.0000      0.0000
      0.0000      0.0000      0.0000      0.0000      0.0000      0.0000
      0.0000      0.0000      0.0000      0.0000      0.0000      0.0000
      0.0000      0.0000      0.0000      0.0000      0.0000      0.0000
      0.0000      0.0000      0.0000      0.0000      0.0000      0.0000
