#Fitted antenna positions - Sat May  5 14:01:10 2012                            
    184.4914   -113.3327   -216.9555     -0.4619      0.0000      0.0000
     -8.8141   -200.0581     44.9469     -0.7478      0.0000      0.0000
    -31.4512    116.2481     71.5962     -0.3810      0.0000      0.0000
    -73.6066   -150.8395    132.3187     -0.3913      0.0000      0.0000
   -109.4600    -96.6005    179.6619     -0.1477      0.0000      0.0000
     17.5500    142.1609      6.4555     -0.0248      0.0000      0.0000
     14.9801    -68.1218      9.4545     -0.0748      0.0000      0.0000
     13.8599     -0.0950     10.4240      0.1104      0.0000      0.0000
    -13.3490     26.9268     46.5343      0.0798      0.0000      0.0000
     36.7280   -139.7418    -18.7853     -0.2134      0.0000      0.0000
     49.6760    -65.8467    -37.4144      0.0000      0.0000      0.0000
     31.1274     39.2462    -12.9147     -0.1142      0.0000      0.0000
     28.3998    -39.5320     -8.9281     -1.3324      0.0000      0.0000
     78.5677     76.9392    -76.6949      0.0568      0.0000      0.0000
    -57.6503    -64.7009    107.1365      0.1972      0.0000      0.0000
     85.1819    -18.0679    -98.7839      0.3610      0.0000      0.0000
     62.4233    -14.6865    -67.9745      1.2029      0.0000      0.0000
     97.0358   -146.4872   -112.7371      0.0000      0.0000      0.0000
    -22.6259    -99.5084     47.9124     -0.9436      0.0000      0.0000
     60.6690     10.2314    -65.4874      0.0499      0.0000      0.0000
     69.4097      6.5987    -77.5793     -1.8004      0.0000      0.0000
     74.3275    -12.8226    -84.3806      0.0000      0.0000      0.0000
     78.1539      4.6083    -89.7069      0.0872      0.0000      0.0000
