#Fitted antenna positions - Sat Nov 22 09:58:19 2008                            
    -40.3849   -755.1851    106.1353      1.7537      0.0000      0.0000
    383.6278  -1580.0782   -329.8431      1.3347      0.0000      0.0000
   -183.8547   -980.4700    318.0680     -0.8301      0.0000      0.0000
  -1189.9963   -788.9621   1665.3245      2.3788      0.0000      0.0000
   -566.8468    642.2045    788.7410     -3.5056      0.0000      0.0000
    549.2974    373.9629   -698.0499     -0.3244      0.0000      0.0000
   -696.8286   -523.2911   1037.7032     -3.1893      0.0000      0.0000
   -196.8097  -1521.5048    416.5922      2.6246      0.0000      0.0000
    369.2887   -738.8556   -429.3367     -0.5448      0.0000      0.0000
    209.3699   -696.0876   -209.0841     -1.9047      0.0000      0.0000
   -356.8957   -526.8007    520.1228     -1.9284      0.0000      0.0000
    -73.9453   -150.8185    131.8657      4.0234      0.0000      0.0000
    103.2137   -146.6316   -108.1109      0.0000      0.0000      0.0000
    133.5585  -1141.9376    -93.9146     -2.4025      0.0000      0.0000
   -429.4124   -944.0469    645.8026      1.2102      0.0000      0.0000
