#Fitted antenna positions - Wed Nov 16 03:32:47 2011                    
# Edited so that C6,7,12,13,15 don't have their pad positions changed,
# because they were moved the morning after this track was taken        
    549.2254    374.1624   -698.0187     -1.0648      0.0000      0.0000
    383.4949  -1579.8911   -329.8297     -0.4821      0.0000      0.0000
     -8.9576   -200.0670     44.8808      0.0000      0.0000      0.0000
  -1190.1082   -788.7722   1665.2960      2.2411      0.0000      0.0000
   -566.9631    642.3699    788.7371     -1.3144      0.0000      0.0000
      0.0000      0.0000      0.0000      0.0000      0.0000      0.0000
      0.0000      0.0000      0.0000      0.0000      0.0000      0.0000
     13.8193      0.0000     10.4496      0.0000      0.0000      0.0000
   -429.5859   -944.1309    645.8435      0.0000      0.0000      0.0000
     78.5110     76.9530    -76.7162      0.0000      0.0000      0.0000
    368.9677   -738.8100   -429.2297      0.0000      0.0000      0.0000
      0.0000      0.0000      0.0000      0.0000      0.0000      0.0000
      0.0000      0.0000      0.0000      0.0000      0.0000      0.0000
     31.1371     39.2165    -12.9008      0.0000      0.0000      0.0000
      0.0000      0.0000      0.0000      0.0000      0.0000      0.0000
     85.1662    -18.0804    -98.7963      0.0000      0.0000      0.0000
     62.4070    -14.7034    -67.9855      0.0000      0.0000      0.0000
     30.6874    160.2828    -24.6288      0.0000      0.0000      0.0000
    -47.1850    -85.0566     80.3384      0.0000      0.0000      0.0000
     74.1111    -29.5046    -83.8839      0.0000      0.0000      0.0000
     69.3952      6.5877    -77.5926      0.0000      0.0000      0.0000
     74.3946    -12.8417    -84.3784      0.0000      0.0000      0.0000
     78.1385      4.5999    -89.7215      0.0000      0.0000      0.0000
