#Fitted antenna positions - Thu Nov 25 06:59:33 2010
   1991.8113  -1241.6451  -2644.4138     -0.0798      0.0000      0.0000
    383.6652  -1580.0134   -329.8608     -0.0097      0.0000      0.0000
    549.2957    374.0060   -698.0745     -0.0670      0.0000      0.0000
  -1189.9297   -788.9156   1665.2728     -0.0866      0.0000      0.0000
   -566.8066    642.2530    788.7227     -0.0626      0.0000      0.0000
    850.8124  -4527.2754   -829.6350      0.0182      0.0000      0.0000
    336.7910  -3180.3279   -294.8544      0.0286      0.0000      0.0000
   -196.7716  -1521.4508    416.5650      0.0000      0.0000      0.0000
   -429.3659   -943.9954    645.8123     -0.0326      0.0000      0.0000
    369.2854   -738.7877   -429.3377      0.0892      0.0000      0.0000
   -952.3380  -1095.2274   1348.1453     -0.0405      0.0000      0.0000
  -1235.3076  -4204.9546   1862.6343      0.0693      0.0000      0.0000
   1645.2231  -2289.8718  -2064.5671     -0.0714      0.0000      0.0000
   1337.0939   -920.0162  -1742.8741     -0.0553      0.0000      0.0000
   -725.0040  -3435.0361   1133.8914     -0.0175      0.0000      0.0000
  -1200.5491  -4196.6699   1785.4601      0.0000      0.0000      0.0000
     62.2181    -15.1201    -68.1830      0.0000      0.0000      0.0000
    563.7672    307.2643   -749.0770      0.0000      0.0000      0.0000
    302.2853  -3254.5381   -277.2161      0.0000      0.0000      0.0000
   -582.1558    561.6332    785.6047      0.0000      0.0000      0.0000
    373.4429  -1660.9971   -351.4547      0.0000      0.0000      0.0000
    815.9412  -4453.7700   -826.1974      0.0000      0.0000      0.0000
  -1196.2371   -869.1717   1633.6351      0.0000      0.0000      0.0000

