#Fitted antenna positions - Tue Aug  3 10:05:00 2010                            
     17.6362    142.0138      6.5618      0.9512      0.0000      0.0000
    184.5989   -113.5380   -216.8958     -0.9967      0.0000      0.0000
     -8.8415   -200.2314     44.8930      1.1221      0.0000      0.0000
    -73.5757   -151.0091    132.4145      0.9642      0.0000      0.0000
    -31.3718    116.0947     71.6837     -1.1508      0.0000      0.0000
   -109.3704    -96.7317    179.6821      0.0867      0.0000      0.0000
     15.0723    -68.2762      9.4713      1.5733      0.0000      0.0000
     13.8950     -0.2260     10.5128      0.0000      0.0000      0.0000
    -13.2330     26.6938     46.5180     -1.6146      0.0000      0.0000
    103.1564   -146.4206   -108.0164      1.3911      0.0000      0.0000
     36.7566   -139.9977    -18.6743     -2.5288      0.0000      0.0000
     78.6128     76.8038    -76.6771      0.3860      0.0000      0.0000
     28.4604    -39.5296     -8.8685      1.2999      0.0000      0.0000
     47.3226     -8.1824    -34.2794     -1.3581      0.0000      0.0000
     49.7361    -65.9961    -37.3771     -0.3944      0.0000      0.0000
     84.9739    -18.4939    -98.9899      0.0000      0.0000      0.0000
     62.2241    -15.1172    -68.1800      0.0000      0.0000      0.0000
     30.4999    159.8661    -24.8260      0.0000      0.0000      0.0000
    -47.3682    -85.4587     80.1347      0.0000      0.0000      0.0000
     60.4479      9.8019    -65.6969      0.0000      0.0000      0.0000
     91.8520      7.1056   -108.3401      0.0000      0.0000      0.0000
     73.9134    -29.9053    -84.0744      0.0000      0.0000      0.0000
     77.9519      4.1804    -89.9207      0.0000      0.0000      0.0000
