#Fitted antenna positions - Tue Mar 15 22:25:23 2011 ARRAY CONFIG: CARMA DZ
    184.8897   -113.2713   -217.5069      1.2492      0.0000      0.0000
    -30.9569    116.1509     71.1408      0.3237      0.0000      0.0000
     -8.5435   -199.9793     44.3426     -0.7111      0.0000      0.0000
    -73.2412   -150.7599    131.8146      2.1849      0.0000      0.0000
   -109.0547    -96.5201    179.1057     -3.1467      0.0000      0.0000
     17.9027    142.2625      5.9676      2.4007      0.0000      0.0000
     15.3659    -68.0340      8.9232     -2.2015      0.0000      0.0000
     13.7854      0.0000     10.4942      0.0000      0.0000      0.0000
    -12.9565     27.0401     45.9956     -1.0279      0.0000      0.0000
     47.5686     -7.9170    -34.8261     -0.4260      0.0000      0.0000
    103.5236   -146.3607   -108.6447     -2.4909      0.0000      0.0000
     50.0267    -65.6032    -37.9053     -0.5141      0.0000      0.0000
     28.8503    -39.4316     -9.5448      1.3654      0.0000      0.0000
     78.9585     77.0514    -77.2329     -0.7660      0.0000      0.0000
     37.0234   -139.7827    -19.2035      1.1845      0.0000      0.0000
     85.5710    -17.9784    -99.3188      2.9322      0.0000      0.0000
     62.8124    -14.6031    -68.5104     -0.5237      0.0000      0.0000
     69.7978      6.6860    -78.1124      0.9873      0.0000      0.0000
    100.7478     -6.2848   -119.3326      1.1697      0.0000      0.0000
     61.0455     10.3225    -66.0229      1.1744      0.0000      0.0000
     92.4540      7.6186   -108.6804     -3.2087      0.0000      0.0000
     74.5034    -29.4114    -84.4010     -2.0917      0.0000      0.0000
     78.5449      4.7013    -90.2440     -1.2845      0.0000      0.0000
