#Fitted antenna positions - Thu Apr 14 14:18:44 2011   ARRAY CONFIG: C+SL
# First C array solutions with reference to C8. All except C3, C8, c11, c12 and C14 have been moved, and show a ~ 0.7 ns offset relative to C8.                          
   -103.4018    291.9221    169.5024      0.5677      0.0000      0.0000
    440.0673   -242.5708   -562.5339     -1.7204      0.0000      0.0000
     -8.5443   -199.9785     44.3417      2.0816      0.0000      0.0000
     32.9840    376.8040      9.6093     -2.3664      0.0000      0.0000
    237.9092   -399.0972   -287.7041      2.1286      0.0000      0.0000
   -296.2710   -223.4338    438.0177      2.9757      0.0000      0.0000
    247.6284    -70.0707   -304.7898      2.3556      0.0000      0.0000
     13.7854      0.0000     10.4942      0.0000      0.0000      0.0000
     69.9855   -332.4240    -61.5197      1.1986      0.0000      0.0000
   -208.5571   -359.9164    317.0563     -2.4225      0.0000      0.0000
    103.5230   -146.3599   -108.6449      0.6571      0.0000      0.0000
     50.0260    -65.6024    -37.9057      1.9345      0.0000      0.0000
    186.6729    212.6542   -200.0698     -0.0379      0.0000      0.0000
     78.9572     77.0518    -77.2342     -0.9065      0.0000      0.0000
    -42.6206   -466.5327     90.9913     -2.7837      0.0000      0.0000
     85.5707    -17.9785    -99.3190      0.0000      0.0000      0.0000
     62.8143    -14.6027    -68.5086      0.0000      0.0000      0.0000
     31.0932    160.3849    -25.1511      0.0000      0.0000      0.0000
    -46.7744    -84.9453     79.8074      0.0000      0.0000      0.0000
     61.0455     10.3225    -66.0229      0.0000      0.0000      0.0000
     69.8008      6.6890    -78.1147      0.0000      0.0000      0.0000
     74.4661    -12.6721    -84.9169      0.0000      0.0000      0.0000
     78.5442      4.7014    -90.2445      0.0000      0.0000      0.0000
