#Fitted antenna positions - Aug 25- Sep 11, 2007
     47.8828     -8.1531    -33.9493      0.0122      0.0000      0.0000
    -36.4996     77.7437     79.2981      3.1128      0.0000      0.0000
    -15.8476    -99.5335     52.8402      2.7149      0.0000      0.0000
     58.2356     41.6873    -48.1959     -1.0015      0.0000      0.0000
    -57.0144    -65.0876    107.4923     -0.4450      0.0000      0.0000
    -52.5208     20.0077    100.9264     -2.5810      0.0000      0.0000
      7.4517    -27.3506     18.9060      0.0000      0.0000      0.0000
     13.9419     -0.1407     10.4311      0.2888      0.0000      0.0000
     -7.4001     -4.7439     38.7349      0.1302      0.0000      0.0000
      4.3174     22.3055     23.1917      1.1089      0.0000      0.0000
     15.0788    -68.3394      9.4108      2.8264      0.0000      0.0000
      5.7246     64.2700     21.0392      0.8053      0.0000      0.0000
     28.5338    -39.4947     -8.9883      0.3144      0.0000      0.0000
     31.2497     39.0433    -12.9071     -1.1269      0.0000      0.0000
    -13.2404     26.7886     46.4724     -0.3527      0.0000      0.0000
