#Fitted antenna positions - Fri Oct 10 11:23:28 2008                            
     47.9206     -8.1664    -33.9910     -2.4203      0.0000      0.0000
    -36.5001     77.7554     79.3083      1.1929      0.0000      0.0000
    -15.8548    -99.5032     52.8562     -3.1242      0.0000      0.0000
     58.2050     41.7096    -48.1476     -0.5657      0.0000      0.0000
    -57.0221    -65.0855    107.5173      2.8938      0.0000      0.0000
    -52.5215     20.0202    100.9368     -1.2834      0.0000      0.0000
      7.4664    -27.3611     18.8933     -0.5554      0.0000      0.0000
     13.9345     -0.1138     10.4480     -2.5869      0.0000      0.0000
      4.3422     22.3063     23.2020      0.6796      0.0000      0.0000
     -7.4572     -4.7517     38.7751      0.0000      0.0000      0.0000
     15.0519    -68.3164      9.4522      3.2701      0.0000      0.0000
      5.7307     64.2752     21.0393     -1.9975      0.0000      0.0000
     28.5643    -39.5781     -9.0232     -2.9481      0.0000      0.0000
     31.2524     39.0732    -12.9051     -0.7700      0.0000      0.0000
    -13.2400     26.7602     46.4701     -0.2265      0.0000      0.0000
