#Fitted antenna positions - Mon Feb 18 16:15:33 2013                            
    184.4239   -113.2468   -216.9655      0.0000      0.0000      0.0000
    -31.3865    116.1830     71.6384      0.0000      0.0000      0.0000
     -9.0431   -199.7769     44.9307      0.0000      0.0000      0.0000
    -73.7040   -150.7250    132.3530      0.0000      0.0000      0.0000
   -109.5174    -96.4771    179.6432      0.0000      0.0000      0.0000
     17.4580    142.2686      6.4816      0.0000      0.0000      0.0000
     14.9196    -67.9963      9.4357      0.0000      0.0000      0.0000
     13.7831      0.0036     10.4254      0.0000      0.0000      0.0000
    -13.4113     27.0489     46.5184      0.0000      0.0000      0.0000
      7.3118    -27.0406     18.8290      0.0000      0.0000      0.0000
     49.5989    -65.7302    -37.4102      0.0000      0.0000      0.0000
     31.0542     39.3473    -12.9148      0.0000      0.0000      0.0000
     28.3464    -39.3895     -8.9542      0.0000      0.0000      0.0000
      4.1746     22.6054     23.2303      0.0000      0.0000      0.0000
     -7.6051     -4.4558     38.7512      0.0000      0.0000      0.0000
     85.1201    -17.9560    -98.7987      0.0000      0.0000      0.0000
     62.3587    -14.5769    -67.9849      0.0000      0.0000      0.0000
     41.0236     -8.0200    -39.0411      0.0000      0.0000      0.0000
     54.3331    -42.4201    -56.8006      0.1075      0.0000      0.0000
     74.0702    -29.3779    -83.8911      0.0000      0.0000      0.0000
     69.3486      6.7140    -77.5931      0.0000      0.0000      0.0000
     74.3485    -12.7286    -84.3816      0.0000      0.0000      0.0000
     78.0913      4.7199    -89.7213      0.0000      0.0000      0.0000
