#Fitted antenna positions - Sat Jun 30 12:46:06 2012                            
     50.2171    -65.8464    -36.9774      2.7775      0.0000      0.0000
     37.2491   -139.8922    -18.1530      0.3291      0.0000      0.0000
    -36.6752     77.7111     79.2029      0.6266      0.0000      0.0000
    -57.0901    -64.8129    107.4505      0.5463      0.0000      0.0000
    -52.6297     20.0017    100.9617      3.2765      0.0000      0.0000
     79.0825     76.9926    -76.3101      0.5011      0.0000      0.0000
     14.9809    -68.1219      9.4553     -0.5014      0.0000      0.0000
     13.8598     -0.0955     10.4241      0.0000      0.0000      0.0000
    -13.3480     26.9272     46.5350     -0.4821      0.0000      0.0000
      7.3027    -27.1202     18.9409      1.0276      0.0000      0.0000
      5.5973     64.4484     21.1123      4.5671      0.0000      0.0000
     31.1290     39.2466    -12.9142      0.6083      0.0000      0.0000
     28.4009    -39.5320     -8.9268     -2.4620      0.0000      0.0000
      4.2326     22.4842     23.2573     -2.2057      0.0000      0.0000
     -7.5384     -4.5610     38.7631      4.1887      0.0000      0.0000
     85.1820    -18.0682    -98.7831     -1.5414      0.0000      0.0000
     62.4233    -14.6866    -67.9732     -1.5723      0.0000      0.0000
     96.9960   -146.3776   -112.8099      2.4463      0.0000      0.0000
    -22.5607    -99.4176     47.8133     -2.4861      0.0000      0.0000
     74.1268    -29.4889    -83.8785      0.0000      0.0000      0.0000
     69.4113      6.5987    -77.5788     -0.6227      0.0000      0.0000
     74.4133    -12.8297    -84.3669     15.0163      0.0000      0.0000
     78.1526      4.6080    -89.7060     -0.2057      0.0000      0.0000
