#Fitted antenna positions - Tue Sep 21 15:29:40 2010
     17.6372    142.0138      6.5617     -1.3676      0.0000      0.0000
    184.5984   -113.5379   -216.8956      3.7285      0.0000      0.0000
     -8.8417   -200.2311     44.8928     -1.3028      0.0000      0.0000
    -73.5758   -151.0087    132.4147      1.7010      0.0000      0.0000
    -31.3706    116.0952     71.6844     -1.3604      0.0000      0.0000
   -109.3706    -96.7311    179.6819      1.4925      0.0000      0.0000
     15.0719    -68.2756      9.4710     -3.0537      0.0000      0.0000
     13.8950     -0.2260     10.5128      0.0000      0.0000      0.0000
    -13.2329     26.6939     46.5181      1.5384      0.0000      0.0000
    103.1558   -146.4205   -108.0164      2.1958      0.0000      0.0000
     36.7563   -139.9977    -18.6745      3.0973      0.0000      0.0000
     78.6132     76.8038    -76.6771      0.5592      0.0000      0.0000
     28.4603    -39.5292     -8.8688      2.3692      0.0000      0.0000
     47.3224     -8.1825    -34.2791      1.8662      0.0000      0.0000
     49.7355    -65.9957    -37.3771      2.2976      0.0000      0.0000
     84.9739    -18.4939    -98.9899      0.0000      0.0000      0.0000
     62.2241    -15.1172    -68.1800      0.0000      0.0000      0.0000
     30.4999    159.8661    -24.8260      0.0000      0.0000      0.0000
    -47.3682    -85.4587     80.1347      0.0000      0.0000      0.0000
     60.4479      9.8019    -65.6969      0.0000      0.0000      0.0000
     91.8520      7.1056   -108.3401      0.0000      0.0000      0.0000
     73.9134    -29.9053    -84.0744      0.0000      0.0000      0.0000
     77.9519      4.1804    -89.9207      0.0000      0.0000      0.0000
