#Fitted antenna positions - Thu Feb 18 19:22:38 2010                            
   1991.7522  -1241.6487  -2644.3423      0.1900      0.0000      0.0000
    383.6389  -1580.0280   -329.8450      0.1856      0.0000      0.0000
    549.2914    373.9839   -698.0899      0.1454      0.0000      0.0000
  -1189.9631   -788.9366   1665.3054     -0.1027      0.0000      0.0000
   -566.8502    642.2407    788.7606      0.0729      0.0000      0.0000
    850.7767  -4527.2808   -829.5848      0.1110      0.0000      0.0000
    336.7839  -3180.3479   -294.8424      0.0062      0.0000      0.0000
   -196.7722  -1521.4515    416.5641      0.0625      0.0000      0.0000
    369.2719   -738.8177   -429.3006      0.0907      0.0000      0.0000
   -952.3815  -1095.2433   1348.1825     -0.0079      0.0000      0.0000
   1645.2135  -2289.8757  -2064.5444      0.2117      0.0000      0.0000
  -1235.3282  -4204.9556   1862.6718     -0.1451      0.0000      0.0000
   -429.4326   -944.0102    645.8544      0.0000      0.0000      0.0000
   1337.0774   -920.0364  -1742.8625      0.1765      0.0000      0.0000
   -725.0322  -3435.0681   1133.9379      0.0743      0.0000      0.0000
      0.0000      0.0000      0.0000      0.0000      0.0000      0.0000
      0.0000      0.0000      0.0000      0.0000      0.0000      0.0000
      0.0000      0.0000      0.0000      0.0000      0.0000      0.0000
      0.0000      0.0000      0.0000      0.0000      0.0000      0.0000
      0.0000      0.0000      0.0000      0.0000      0.0000      0.0000
      0.0000      0.0000      0.0000      0.0000      0.0000      0.0000
      0.0000      0.0000      0.0000      0.0000      0.0000      0.0000
      0.0000      0.0000      0.0000      0.0000      0.0000      0.0000
