#Fitted antenna positions - Thu Feb 26 09:22:28 2009                            
     17.6520    142.0182      6.5374      2.8137      0.0000      0.0000
    -31.2142    115.9025     71.6278     -0.5048      0.0000      0.0000
     -8.9289   -200.0291     45.0072     -1.7020      0.0000      0.0000
    -73.5611   -150.9963    132.3912      2.5214      0.0000      0.0000
    103.7620   -146.6361   -107.7102     -2.7365      0.0000      0.0000
   -109.3439    -96.7319    179.6414     -2.5663      0.0000      0.0000
     36.8600   -140.0426    -18.7883     -1.7239      0.0000      0.0000
     13.6788     -0.5397     10.7844      0.0000      0.0000      0.0000
     28.6014    -39.7461     -9.0305      0.0241      0.0000      0.0000
    -13.0875     26.7427     46.2881      0.5108      0.0000      0.0000
     49.7714    -65.9872    -37.4119     -2.8658      0.0000      0.0000
    184.0267   -113.5007   -217.3968      2.8511      0.0000      0.0000
     15.0156    -68.2642      9.4958     -0.4646      0.0000      0.0000
     47.3698     -8.2053    -34.3470     -0.4467      0.0000      0.0000
     78.6137     76.7758    -76.6977     -3.1219      0.0000      0.0000
