#Fitted antenna positions - Tue Oct 27 17:08:26 2009                            
    439.7304   -242.7927   -562.0003     -2.6307      0.0000      0.0000
   -103.6336    291.6422    170.0426     -0.1818      0.0000      0.0000
    237.5756   -399.3310   -287.1673     -2.9974      0.0000      0.0000
     32.6960    376.5536     10.1522     -2.5301      0.0000      0.0000
     -8.7827   -200.2213     44.8815     -3.4037      0.0000      0.0000
   -296.5798   -223.6718    438.5856     -0.1032      0.0000      0.0000
     49.8027    -66.0154    -37.4181     -1.7116      0.0000      0.0000
     13.6785     -0.5381     10.7866      0.0000      0.0000      0.0000
     78.6343     76.8073    -76.6777      2.1141      0.0000      0.0000
    186.3958    212.4116   -199.5436     -2.2857      0.0000      0.0000
    247.2896    -70.3267   -304.2119     -1.5355      0.0000      0.0000
    -42.8931   -466.7516     91.5197      1.7768      0.0000      0.0000
   -208.8601   -360.1615    317.6112      0.4150      0.0000      0.0000
     69.7084   -332.6677    -60.9651     -0.6320      0.0000      0.0000
    103.2310   -146.5996   -108.1224      2.0042      0.0000      0.0000
      0.0000      0.0000      0.0000      0.0000      0.0000      0.0000
      0.0000      0.0000      0.0000      0.0000      0.0000      0.0000
      0.0000      0.0000      0.0000      0.0000      0.0000      0.0000
      0.0000      0.0000      0.0000      0.0000      0.0000      0.0000
      0.0000      0.0000      0.0000      0.0000      0.0000      0.0000
      0.0000      0.0000      0.0000      0.0000      0.0000      0.0000
      0.0000      0.0000      0.0000      0.0000      0.0000      0.0000
      0.0000      0.0000      0.0000      0.0000      0.0000      0.0000
