#Fitted antenna positions - Mon Jun 16 07:51:10 2008                            
     17.6993    142.0127      6.4643     -3.6213      0.0000      0.0000
    -31.2067    115.8721     71.6032     -0.7508      0.0000      0.0000
     -8.8291   -200.2446     44.8588     -0.1539      0.0000      0.0000
    -73.5649   -150.8217    132.3831      1.5756      0.0000      0.0000
    184.5637   -113.5735   -217.0265     -2.3563      0.0000      0.0000
   -109.3369    -96.7671    179.6134     -3.3586      0.0000      0.0000
     36.8304   -140.0886    -18.7523     -1.5024      0.0000      0.0000
     13.9358     -0.1147     10.4475      0.8874      0.0000      0.0000
     49.7516    -65.8389    -37.3738      0.8209      0.0000      0.0000
    107.0618    -35.5327   -114.5522      0.0499      0.0000      0.0000
     15.0533    -68.3174      9.4523     -1.2695      0.0000      0.0000
    103.2400   -146.6406   -108.1413      0.0000      0.0000      0.0000
     28.5646    -39.5781     -9.0247      0.8626      0.0000      0.0000
     47.3875     -8.2270    -34.3819      0.1803      0.0000      0.0000
     78.6271     76.7574    -76.7263      0.3202      0.0000      0.0000
