#Fitted antenna positions - Wed Nov 23 11:04:51 2011                            
    184.4611   -113.3746   -216.9464      0.0000      0.0000      0.0000
    -31.3114    116.0331     71.6016      0.0000      0.0000      0.0000
     -8.9560   -200.0677     44.8818      0.0000      0.0000      0.0000
    -73.6389   -150.8495    132.3324     -6.2289      0.0000      0.0000
   -109.4488    -96.6223    179.6194      0.0000      0.0000      0.0000
     17.5468    141.9579      6.4300      0.0000      0.0000      0.0000
     14.9474    -68.1360      9.4702      0.0000      0.0000      0.0000
     13.8193      0.0000     10.4496      0.0000      0.0000      0.0000
    -13.3565     26.9295     46.5147      0.0000      0.0000      0.0000
     78.5109     76.9530    -76.7158      0.0000      0.0000      0.0000
    103.0452   -146.3911   -108.0201      0.0000      0.0000      0.0000
     49.6404    -65.6953    -37.4048      0.0000      0.0000      0.0000
     28.3927    -39.5483     -8.9503      0.0000      0.0000      0.0000
     31.1373     39.2165    -12.9003      0.0000      0.0000      0.0000
     36.5833   -139.8822    -18.6342      0.0000      0.0000      0.0000
     85.1670    -18.0803    -98.7950      0.0000      0.0000      0.0000
     62.4095    -14.7035    -67.9846      0.0000      0.0000      0.0000
     30.6890    160.2837    -24.6278      0.0000      0.0000      0.0000
    -47.1826    -85.0568     80.3394      0.0000      0.0000      0.0000
     74.1111    -29.5046    -83.8839      0.0000      0.0000      0.0000
     69.3971      6.5876    -77.5912      0.0000      0.0000      0.0000
     74.3962    -12.8419    -84.3765      0.0000      0.0000      0.0000
     78.1404      4.5999    -89.7196      0.0000      0.0000      0.0000
