#Fitted antenna positions - Sun Dec 22 18:36:10 2013                            
    184.4592   -113.2479   -216.9192      2.2748      0.0000      0.0000
    -31.4015    116.3295     71.7578      0.1379      0.0000      0.0000
     -8.9571   -199.9659     44.9115      0.5186      0.0000      0.0000
     17.5273    142.0843      6.4493     -0.5349      0.0000      0.0000
   -109.4626    -96.4855    179.6687      3.0741      0.0000      0.0000
    -73.7144   -150.5580    132.4932      2.0308      0.0000      0.0000
     14.9434    -68.0096      9.4984      2.6845      0.0000      0.0000
     13.8299      0.0000     10.4576      0.0000      0.0000      0.0000
    -13.3541     26.9303     46.5403      0.0000      0.0000      0.0000
     36.5828   -139.7469    -18.5997      0.0199      0.0000      0.0000
     49.5911    -65.6049    -37.4280      0.0000      0.0000      0.0000
     31.0365     39.1997    -12.9004      0.0000      0.0000      0.0000
     28.3591    -39.4193     -8.8770      0.6961      0.0000      0.0000
    -57.7274    -64.6212    107.3058      3.0143      0.0000      0.0000
     78.4627     76.9930    -76.6278     -1.9806      0.0000      0.0000
     85.1327    -17.9760    -98.7214      0.0140      0.0000      0.0000
     62.3685    -14.5929    -67.9068     -1.3735      0.0000      0.0000
     96.9244   -146.2595   -112.7181     -2.6805      0.0000      0.0000
    -22.5994    -99.3235     47.8626     -0.6707      0.0000      0.0000
     74.0811    -29.3985    -83.8105      0.1694      0.0000      0.0000
     69.3575      6.6875    -77.5102     -2.7026      0.0000      0.0000
     74.3632    -12.7353    -84.3026      0.4571      0.0000      0.0000
     78.1055      4.7000    -89.6442     -3.5121      0.0000      0.0000
