#Fitted antenna positions - Thu Nov 29 18:44:47 2012                            
   -103.7795    291.6734    170.0223      0.1252      0.0000      0.0000
     -8.7968   -200.2264     44.9208     -0.4638      0.0000      0.0000
    439.6028   -242.8211   -562.1198     -0.0930      0.0000      0.0000
     32.6154    376.5487     10.1179      0.0000      0.0000      0.0000
    237.5297   -399.3531   -287.1789      0.0922      0.0000      0.0000
   -296.6351   -223.6951    438.5200     -0.2450      0.0000      0.0000
    247.2325    -70.3201   -304.2414      0.0000      0.0000      0.0000
     13.8790     -0.2599     10.3936     -1.4534      0.0000      0.0000
     69.5968   -332.6638    -60.9800     -0.3647      0.0000      0.0000
    -42.9859   -466.7805     91.4978      0.7790      0.0000      0.0000
     49.6760    -65.8467    -37.4144      0.0000      0.0000      0.0000
    103.1429   -146.4572   -108.1287      1.0123      0.0000      0.0000
    186.2837    212.3876   -199.5466      0.0000      0.0000      0.0000
     78.5898     76.7942    -76.7253      0.0000      0.0000      0.0000
   -208.9005   -360.1149    317.5482      0.0000      0.0000      0.0000
     85.2037    -18.2319    -98.8123      0.0000      0.0000      0.0000
     60.6672     10.0657    -65.5238      0.0000      0.0000      0.0000
     30.7245    160.1298    -24.6466      0.0000      0.0000      0.0000
    -47.1438    -85.1965     80.3164     -0.7950      0.0000      0.0000
     74.1532    -29.6540    -83.9047     -0.3872      0.0000      0.0000
     92.0815      7.3619   -108.1646     -0.4413      0.0000      0.0000
     62.4459    -14.8438    -67.9826      0.1171      0.0000      0.0000
     78.1759      4.4436    -89.7349      0.0000      0.0000      0.0000
