#Fitted antenna positions
              549.1950    373.8872   -697.9999   0.0000  0.0000  0.0000
              383.4404  -1580.1521   -329.7647   0.0000  0.0000  0.0000
             -184.0925   -980.5980    318.2090   0.0000  0.0000  0.0000
            -1190.1539   -789.0583   1665.3558   0.0000  0.0000  0.0000
             -567.0159    642.1147    788.7979   0.0000  0.0000  0.0000
              -40.6029   -755.3025    106.1678   0.0000  0.0000  0.0000
              209.2401   -696.2007   -209.0406   0.0000  0.0000  0.0000
             -196.9675  -1521.5899    416.6269   0.0000  0.0000  0.0000
             -429.5624   -944.1460    645.8671   0.0000  0.0000  0.0000
              -74.1631   -150.9442    131.9747   0.0000  0.0000  0.0000
              369.0934   -738.9344   -429.2706   0.0000  0.0000  0.0000
              103.1438   -146.5004   -108.1280   0.0000  0.0000  0.0000
             -357.0952   -526.9051    520.2002   0.0000  0.0000  0.0000
              133.3682  -1142.0678    -93.8329   0.0000  0.0000  0.0000
             -697.0331   -523.3858   1037.7505   0.0000  0.0000  0.0000
               85.2038    -18.0519    -98.8124   0.0000  0.0000  0.0000
               60.6683     10.2490    -65.5239   0.0000  0.0000  0.0000
               30.7269    160.3127    -24.6449   0.0000  0.0000  0.0000
              -47.1446    -85.0132     80.3170   0.0000  0.0000  0.0000
               74.1560    -29.4715    -83.9078   0.0000  0.0000  0.0000
               92.0808      7.5449   -108.1650   0.0000  0.0000  0.0000
               62.4600    -14.6621    -67.9785   0.0000  0.0000  0.0000
               78.1758      4.6274    -89.7374   0.0000  0.0000  0.0000
