#Fitted antenna positions - Mon May 10 05:56:47 2010                            
     17.6378    142.0097      6.5580     -0.2369      0.0000      0.0000
    -31.2030    115.9251     71.6199     -1.6816      0.0000      0.0000
    184.4822   -113.5348   -216.9609      2.5605      0.0000      0.0000
    -73.5570   -151.0274    132.3887      0.6519      0.0000      0.0000
     -8.8019   -200.2377     44.9054      2.2201      0.0000      0.0000
   -109.4155    -96.5421    179.7430      0.3521      0.0000      0.0000
     49.7418    -66.0128    -37.3381     -0.7807      0.0000      0.0000
     13.8955     -0.2252     10.5120      0.0000      0.0000      0.0000
    -13.2318     26.6943     46.5156     -1.8073      0.0000      0.0000
     78.6479     76.7694    -76.7326     -1.6818      0.0000      0.0000
     15.0392    -68.2904      9.4855     -3.6880      0.0000      0.0000
     36.8271   -139.9457    -18.7730     -1.6385      0.0000      0.0000
     28.4631    -39.5274     -8.8721      1.5790      0.0000      0.0000
     47.3172     -8.2037    -34.2731     -2.0742      0.0000      0.0000
    103.2143   -146.6271   -108.0996      0.5365      0.0000      0.0000
      0.0000      0.0000      0.0000      0.0000      0.0000      0.0000
      0.0000      0.0000      0.0000      0.0000      0.0000      0.0000
      0.0000      0.0000      0.0000      0.0000      0.0000      0.0000
      0.0000      0.0000      0.0000      0.0000      0.0000      0.0000
      0.0000      0.0000      0.0000      0.0000      0.0000      0.0000
      0.0000      0.0000      0.0000      0.0000      0.0000      0.0000
      0.0000      0.0000      0.0000      0.0000      0.0000      0.0000
      0.0000      0.0000      0.0000      0.0000      0.0000      0.0000
