#Fitted antenna positions - Fri Sep 12 18:00:25 2008                            
     47.9206     -8.1671    -33.9913      0.0000      0.0000      0.0000
    -36.4988     77.7547     79.3089      0.0000      0.0000      0.0000
    -15.8539    -99.5037     52.8563      0.0000      0.0000      0.0000
     58.2054     41.7093    -48.1480      0.0000      0.0000      0.0000
    -57.0219    -65.0852    107.5168      0.0000      0.0000      0.0000
    -52.5210     20.0200    100.9367      0.0000      0.0000      0.0000
      7.4671    -27.3608     18.8930      0.0000      0.0000      0.0000
     13.9345     -0.1149     10.4488      0.6536      0.0000      0.0000
      4.3426     22.3068     23.2021      0.0000      0.0000      0.0000
     -7.4572     -4.7517     38.7751      0.0000      0.0000      0.0000
     15.0532    -68.3169      9.4528      0.0000      0.0000      0.0000
      5.7305     64.2751     21.0396      0.0000      0.0000      0.0000
     28.5648    -39.5794     -9.0233      0.0000      0.0000      0.0000
     31.2524     39.0732    -12.9045      0.0000      0.0000      0.0000
    -13.2400     26.7597     46.4700      0.0000      0.0000      0.0000
