#Fitted antenna positions - Fri Dec  4 12:01:27 2009                            
    -40.4170   -755.1605    106.1968     -3.0946      0.0000      0.0000
    383.6451  -1580.0264   -329.8432     -0.2841      0.0000      0.0000
    549.2930    373.9837   -698.0917     -3.3766      0.0000      0.0000
  -1189.9677   -788.9409   1665.3063      0.4196      0.0000      0.0000
   -566.8517    642.2387    788.7632     -0.7412      0.0000      0.0000
   -183.8851   -980.4370    318.1908     -1.5536      0.0000      0.0000
   -696.8317   -523.2433   1037.7262      0.7617      0.0000      0.0000
   -196.7690  -1521.4492    416.5643     -6.0363      0.0000      0.0000
    369.2756   -738.8171   -429.3012      3.5074      0.0000      0.0000
    237.0705   -399.3065   -287.5383      3.4340      0.0000      0.0000
   -356.8803   -526.7565    520.1230      2.0152      0.0000      0.0000
    -73.9640   -150.7001    131.9122     -0.3917      0.0000      0.0000
   -429.4318   -944.0103    645.8546     -3.7994      0.0000      0.0000
    133.5400  -1141.9291    -93.8688     -4.2485      0.0000      0.0000
    103.2310   -146.5996   -108.1224      0.0000      0.0000      0.0000
      0.0000      0.0000      0.0000      0.0000      0.0000      0.0000
      0.0000      0.0000      0.0000      0.0000      0.0000      0.0000
      0.0000      0.0000      0.0000      0.0000      0.0000      0.0000
      0.0000      0.0000      0.0000      0.0000      0.0000      0.0000
      0.0000      0.0000      0.0000      0.0000      0.0000      0.0000
      0.0000      0.0000      0.0000      0.0000      0.0000      0.0000
      0.0000      0.0000      0.0000      0.0000      0.0000      0.0000
      0.0000      0.0000      0.0000      0.0000      0.0000      0.0000
