#Fitted antenna positions - Mon Jan 16 16:57:20 2012                            
   -103.7817    291.8376    170.0297      0.0000      0.0000      0.0000
     -8.8135   -200.0601     44.9462      0.0000      0.0000      0.0000
    439.5737   -242.6584   -562.0776      0.0000      0.0000      0.0000
     32.5965    376.7251     10.1505      0.2643      0.0000      0.0000
    237.5163   -399.2036   -287.1579      0.0000      0.0000      0.0000
   -296.6658   -223.5336    438.5631      0.0000      0.0000      0.0000
    247.2212    -70.1602   -304.2263      0.0000      0.0000      0.0000
     13.8598     -0.0933     10.4243      3.8281      0.0000      0.0000
     69.5871   -332.5222    -60.9683      3.0578      0.0000      0.0000
    -42.9972   -466.5913     91.5178      0.0000      0.0000      0.0000
     49.6763    -65.8470    -37.4140      0.0000      0.0000      0.0000
    103.1279   -146.3051   -108.1064      3.0180      0.0000      0.0000
    186.2681    212.5421   -199.5138      0.0000      0.0000      0.0000
     78.5682     76.9396    -76.6950      0.0000      0.0000      0.0000
   -208.9322   -360.0515    317.5685      0.0000      0.0000      0.0000
     85.1617    -18.0897    -98.7762      0.0000      0.0000      0.0000
     62.4022    -14.7098    -67.9667      0.0000      0.0000      0.0000
     30.6836    160.2710    -24.6097      0.0000      0.0000      0.0000
    -47.1875    -85.0530     80.3551      0.0000      0.0000      0.0000
     60.6473     10.2090    -65.4786      0.0000      0.0000      0.0000
     92.0399      7.5082   -108.1282      0.0000      0.0000      0.0000
     74.0938    -29.5249    -83.8539      0.0000      0.0000      0.0000
     78.1333      4.5860    -89.6998      0.0000      0.0000      0.0000
