#Fitted antenna positions - Feb. 1, 2008-
    383.5866  -1580.0566   -329.8617      0.0000      0.0000      0.0000
   -196.1766  -1521.5137    417.0029      0.0000      0.0000      0.0000
    369.7765   -738.8897   -428.9861      0.0000      0.0000      0.0000
  -1189.9856   -788.9498   1665.3042      0.0000      0.0000      0.0000
   -566.8446    642.1710    788.7275      0.0000      0.0000      0.0000
    549.3422    373.9371   -698.1144      0.0000      0.0000      0.0000
   -696.8315   -523.3157   1037.7102      0.0000      0.0000      0.0000
   -429.3896   -944.0549    645.7946      0.0000      0.0000      0.0000
   -184.3205   -980.4968    317.7088      0.0000      0.0000      0.0000
    107.0666    -35.5393   -114.5594      0.0000      0.0000      0.0000
   -356.8944   -526.8287    520.1167      0.0000      0.0000      0.0000
    209.4283   -696.0851   -209.1551      0.0000      0.0000      0.0000
    -73.9771   -150.7763    131.8980     -1.0416      0.0000      0.0000
    133.5779  -1141.9353    -93.9400      0.0000      0.0000      0.0000
    -40.9419   -755.2271    105.7004      0.0000      0.0000      0.0000
