#Fitted antenna positions - Mon Jan 18 14:08:43 2010                            
   1991.7587  -1241.6506  -2644.3447     -0.8315      0.0000      0.0000
    383.6416  -1580.0271   -329.8438     -0.2910      0.0000      0.0000
    549.2928    373.9817   -698.0922     -0.8755      0.0000      0.0000
  -1189.9656   -788.9414   1665.3076      0.0000      0.0000      0.0000
   -566.8516    642.2391    788.7615     -1.1128      0.0000      0.0000
    850.7690  -4527.2778   -829.5901      2.8915      0.0000      0.0000
    336.7832  -3180.3469   -294.8425      0.0000      0.0000      0.0000
   -196.7713  -1521.4506    416.5648      0.1654      0.0000      0.0000
    369.2741   -738.8182   -429.3017     -1.4769      0.0000      0.0000
   -952.3815  -1095.2440   1348.1833      2.9196      0.0000      0.0000
   1645.2175  -2289.8738  -2064.5474      0.0799      0.0000      0.0000
  -1235.3323  -4204.9565   1862.6700     -6.2316      0.0000      0.0000
   -429.4326   -944.0102    645.8544      0.0000      0.0000      0.0000
   1337.0812   -920.0372  -1742.8667      0.5313      0.0000      0.0000
   -725.0355  -3435.0647   1133.9371      0.2171      0.0000      0.0000
      0.0000      0.0000      0.0000      0.0000      0.0000      0.0000
      0.0000      0.0000      0.0000      0.0000      0.0000      0.0000
      0.0000      0.0000      0.0000      0.0000      0.0000      0.0000
      0.0000      0.0000      0.0000      0.0000      0.0000      0.0000
      0.0000      0.0000      0.0000      0.0000      0.0000      0.0000
      0.0000      0.0000      0.0000      0.0000      0.0000      0.0000
      0.0000      0.0000      0.0000      0.0000      0.0000      0.0000
      0.0000      0.0000      0.0000      0.0000      0.0000      0.0000
