#Fitted antenna positions - Thu Apr  4 19:31:08 2013                            
   -103.8625    291.9531    170.0373      0.0000      0.0000      0.0000
    439.6267   -242.5521   -562.0252      3.3189      0.0000      0.0000
     -9.0435   -199.7770     44.9301      0.0000      0.0000      0.0000
     32.5105    376.8101     10.1651      1.4069      0.0000      0.0000
    237.4564   -399.0793   -287.1748      0.0000      0.0000      0.0000
   -296.7259   -223.4202    438.5423     -0.4576      0.0000      0.0000
    247.1837    -70.0521   -304.2766      0.0000      0.0000      0.0000
     13.7834      0.0029     10.4256      0.0000      0.0000      0.0000
     69.5465   -332.4158    -61.0140      0.0000      0.0000      0.0000
    -43.0800   -466.4673     91.5264      0.0000      0.0000      0.0000
     49.5989    -65.7302    -37.4102      0.0000      0.0000      0.0000
    -37.2494     78.0283     78.8242      0.0000      0.0000      0.0000
    186.2363    212.6787   -199.5691     -1.8287      0.0000      0.0000
     78.4903     77.0897    -76.6900      0.0000      0.0000      0.0000
   -209.0088   -359.9225    317.5686      1.6258      0.0000      0.0000
     85.1198    -17.9555    -98.7994      0.0000      0.0000      0.0000
     62.3568    -14.5756    -67.9833      0.0000      0.0000      0.0000
     96.9080   -146.2395   -112.7977      0.0000      0.0000      0.0000
    -22.6136    -99.3031     47.7845      0.0000      0.0000      0.0000
     74.0696    -29.3772    -83.8917      0.0000      0.0000      0.0000
     69.3486      6.7145    -77.5936      0.0000      0.0000      0.0000
     74.3492    -12.7254    -84.3823      0.0000      0.0000      0.0000
     78.0911      4.7206    -89.7220      0.0000      0.0000      0.0000
