#Fitted antenna positions - Wed Apr  1 21:34:33 2009                            
     17.6516    142.0199      6.5377      2.7584      0.0000      0.0000
    -31.2140    115.9041     71.6285      1.3309      0.0000      0.0000
     -8.9292   -200.0279     45.0067      2.3773      0.0000      0.0000
    -73.5618   -150.9941    132.3912      0.7423      0.0000      0.0000
    103.7631   -146.6336   -107.7101      0.4783      0.0000      0.0000
   -109.3445    -96.7291    179.6418     -1.1551      0.0000      0.0000
     36.8602   -140.0419    -18.7886     -2.8350      0.0000      0.0000
     13.6788     -0.5397     10.7844      0.0000      0.0000      0.0000
     28.6017    -39.7450     -9.0305     -0.7942      0.0000      0.0000
    -13.0875     26.7440     46.2877      3.1974      0.0000      0.0000
     49.7714    -65.9863    -37.4123      1.5509      0.0000      0.0000
    184.0269   -113.5001   -217.3966     -2.8307      0.0000      0.0000
     15.0158    -68.2630      9.4952     -0.9085      0.0000      0.0000
     47.3702     -8.2050    -34.3475     -1.3850      0.0000      0.0000
     78.6142     76.7763    -76.6978      0.4518      0.0000      0.0000
