#Fitted antenna positions - Fri Apr 18 14:26:36 2014                            
   -103.8619    291.9531    170.1259      0.4786      0.0000      0.0000
    439.6424   -242.5833   -561.9492     -0.2253      0.0000      0.0000
     -8.9607   -199.9638     44.9108      0.7367      0.0000      0.0000
   -296.7498   -223.4686    438.6357     -0.0028      0.0000      0.0000
    237.4858   -399.0787   -287.1194      0.2315      0.0000      0.0000
     32.5616    376.8382     10.2241      0.1939      0.0000      0.0000
    247.1858    -70.0879   -304.1865      0.7714      0.0000      0.0000
     13.8299      0.0000     10.4576      0.0000      0.0000      0.0000
     69.5070   -332.4037    -60.8690     -0.1399      0.0000      0.0000
    -43.0537   -466.5208     91.5857      0.0681      0.0000      0.0000
     49.5779    -65.6194    -37.2869     -0.1695      0.0000      0.0000
    -37.1921     77.8585     78.8405     -0.6269      0.0000      0.0000
    186.2449    212.6382   -199.4895      0.1015      0.0000      0.0000
   -208.9500   -359.9273    317.6552      0.0000      0.0000      0.0000
     78.4614     76.9945    -76.6274      0.4464      0.0000      0.0000
     85.1314    -17.9752    -98.7224      1.1124      0.0000      0.0000
     62.3683    -14.5918    -67.9129      1.7377      0.0000      0.0000
     96.9230   -146.2587   -112.7184      1.1275      0.0000      0.0000
    -22.6016    -99.3223     47.8616     -0.3529      0.0000      0.0000
     74.0802    -29.3969    -83.8115      1.1080      0.0000      0.0000
     69.3572      6.6886    -77.5096      0.7413      0.0000      0.0000
     74.3637    -12.7351    -84.3018      0.0000      0.0000      0.0000
     78.1033      4.7009    -89.6456      1.0800      0.0000      0.0000

