#Fitted antenna positions - Wed Jul 23 15:32:25 2008                            
     17.6989    142.0127      6.4626      0.9028      0.0000      0.0000
    -31.2067    115.8723     71.6025      0.5437      0.0000      0.0000
     -8.8283   -200.2446     44.8580      1.7229      0.0000      0.0000
    -73.5642   -150.8217    132.3832     -0.1292      0.0000      0.0000
    184.5653   -113.5733   -217.0262     -0.3847      0.0000      0.0000
   -109.3369    -96.7673    179.6125     -2.7882      0.0000      0.0000
     36.8306   -140.0881    -18.7518     -1.1005      0.0000      0.0000
     13.9354     -0.1152     10.4471     -0.9912      0.0000      0.0000
     49.7522    -65.8380    -37.3737      2.2522      0.0000      0.0000
    107.0625    -35.5316   -114.5529     -3.0003      0.0000      0.0000
     15.0532    -68.3169      9.4528      0.5162      0.0000      0.0000
    103.2418   -146.6389   -108.1403     -1.8136      0.0000      0.0000
     28.5650    -39.5772     -9.0238      1.2909      0.0000      0.0000
     47.3880     -8.2269    -34.3816     -5.5047      0.0000      0.0000
     78.6271     76.7574    -76.7263      0.0000      0.0000      0.0000
