#Fitted antenna positions - Thu Apr 15 11:59:01 2010                            
     17.6399    142.0103      6.5594      0.0000      0.0000      0.0000
    -31.2014    115.9248     71.6201      0.0000      0.0000      0.0000
    184.4824   -113.5352   -216.9611      0.0000      0.0000      0.0000
    -73.5558   -151.0277    132.3890      0.0000      0.0000      0.0000
     -8.8015   -200.2380     44.9053      0.0000      0.0000      0.0000
   -109.4142    -96.5426    179.7432      0.0000      0.0000      0.0000
     49.7410    -66.0132    -37.3384      0.0000      0.0000      0.0000
     13.8955     -0.2252     10.5120      0.0000      0.0000      0.0000
    -13.2320     26.6938     46.5155      0.0000      0.0000      0.0000
     78.6476     76.7691    -76.7327      0.0000      0.0000      0.0000
     15.0404    -68.2911      9.5716     -0.6430      0.0000      0.0000
     36.8285   -139.9469    -18.8527     -0.4837      0.0000      0.0000
     28.4622    -39.5280     -8.8725      0.0000      0.0000      0.0000
     47.3167     -8.2037    -34.2734      0.0000      0.0000      0.0000
    103.2123   -146.6277   -108.1008      0.0000      0.0000      0.0000
      0.0000      0.0000      0.0000      0.0000      0.0000      0.0000
      0.0000      0.0000      0.0000      0.0000      0.0000      0.0000
      0.0000      0.0000      0.0000      0.0000      0.0000      0.0000
      0.0000      0.0000      0.0000      0.0000      0.0000      0.0000
      0.0000      0.0000      0.0000      0.0000      0.0000      0.0000
      0.0000      0.0000      0.0000      0.0000      0.0000      0.0000
      0.0000      0.0000      0.0000      0.0000      0.0000      0.0000
      0.0000      0.0000      0.0000      0.0000      0.0000      0.0000
