#Fitted antenna positions - Feb. 22-
     17.6442    141.7955      6.5127      0.0000      0.0000      0.0000
    -31.2157    115.8498     71.5902      2.4899      0.0000      0.0000
     -8.8348   -200.2479     44.8424      1.9673      0.0000      0.0000
    -73.5432   -151.0120    132.3260      1.3693      0.0000      0.0000
    184.5428   -113.5922   -217.0252     -1.1597      0.0000      0.0000
   -109.2978    -96.7078    179.5447      1.1389      0.0000      0.0000
     36.8561   -140.0826    -18.8128      3.0914      0.0000      0.0000
     13.9283     -0.1169     10.4289      1.3779      0.0000      0.0000
     49.7442    -65.8422    -37.3899     -0.8320      0.0000      0.0000
    107.0543    -35.5362   -114.5692      1.8794      0.0000      0.0000
     15.0409    -68.3142      9.4399      2.2421      0.0000      0.0000
    103.2337   -146.6436   -108.1579      4.2800      0.0000      0.0000
     28.5029    -39.5241     -8.9694     -1.3581      0.0000      0.0000
     47.3556     -8.2029    -34.3646      0.5756      0.0000      0.0000
     78.6249     76.7686    -76.7503      0.0000      0.0000      0.0000
