#Fitted antenna positions - Sat Sep  3 17:56:42 2011                            
    184.4619   -113.3738   -216.9483     -3.1600      0.0000      0.0000
    -31.3098    116.0326     71.6013     -2.5686      0.0000      0.0000
     -8.9568   -200.0685     44.8807     -0.2478      0.0000      0.0000
    -73.6380   -150.8516    132.3324      0.1159      0.0000      0.0000
   -109.4496    -96.6236    179.6190     -2.1902      0.0000      0.0000
     17.5499    141.9570      6.4295     -0.8886      0.0000      0.0000
     14.9467    -68.1369      9.4706     -1.8202      0.0000      0.0000
     13.8193      0.0000     10.4496      0.0000      0.0000      0.0000
    -13.3550     26.9296     46.5149      2.5583      0.0000      0.0000
     78.5135     76.9529    -76.7153     -2.7252      0.0000      0.0000
    103.0468   -146.3906   -108.0200      2.3494      0.0000      0.0000
     49.6423    -65.6954    -37.4041     -3.0239      0.0000      0.0000
     28.3945    -39.5481     -8.9491      0.1020      0.0000      0.0000
     31.1389     39.2172    -12.9000      1.7048      0.0000      0.0000
     36.5834   -139.8820    -18.6335     -2.1851      0.0000      0.0000
     85.1662    -18.0804    -98.7963      0.0000      0.0000      0.0000
     62.4070    -14.7034    -67.9855      0.0000      0.0000      0.0000
     30.6874    160.2828    -24.6288      0.0000      0.0000      0.0000
    -47.1850    -85.0566     80.3384      0.0000      0.0000      0.0000
     74.1111    -29.5046    -83.8839      0.0000      0.0000      0.0000
     69.3952      6.5877    -77.5926      0.0000      0.0000      0.0000
     74.3946    -12.8417    -84.3784      0.0000      0.0000      0.0000
     78.1385      4.5999    -89.7215      0.0000      0.0000      0.0000
