#Fitted antenna positions - Mon Aug 10 17:39:40 2009                            
     17.6611    142.0094      6.5269     -1.4102      0.0000      0.0000
    -31.2085    115.9123     71.6243     -1.8640      0.0000      0.0000
     -8.8348   -200.2342     44.8822     -2.1548      0.0000      0.0000
    -73.5827   -150.7854    132.4237      0.9911      0.0000      0.0000
    103.8011   -146.6418   -107.7591      1.8387      0.0000      0.0000
   -109.3406    -96.7347    179.6393     -2.8687      0.0000      0.0000
     36.8984   -139.8612    -18.8308     -1.4814      0.0000      0.0000
     13.6785     -0.5381     10.7866      2.6200      0.0000      0.0000
     78.6334     76.8070    -76.6783     -1.8626      0.0000      0.0000
     49.7644    -65.9777    -37.4127      2.0341      0.0000      0.0000
    184.0338   -113.5067   -217.3929     -2.8350      0.0000      0.0000
     15.0672    -68.2595      9.4392      0.0000      0.0000      0.0000
     28.5615    -39.4347     -9.0018      2.6649      0.0000      0.0000
     47.3473     -8.1883    -34.3137      2.4907      0.0000      0.0000
    -13.2736     26.7792     46.5292      0.9840      0.0000      0.0000
