#Fitted antenna positions - Mon Sep 30 11:29:16 2013                            
     50.1675    -65.7112    -37.0126     -0.6144      0.0000      0.0000
    -36.6227     77.8506     79.2582     -0.5813      0.0000      0.0000
     37.0583   -139.7855    -18.2254     -1.0498      0.0000      0.0000
    -57.2013    -64.7615    107.5015     -0.8094      0.0000      0.0000
    -52.6890     20.1067    100.9417     -0.4697      0.0000      0.0000
     79.0110     77.0774    -76.3106     -0.6137      0.0000      0.0000
     14.9099    -68.0282      9.4474     -1.4731      0.0000      0.0000
     13.7818      0.0020     10.4268     -0.1243      0.0000      0.0000
    -13.4130     27.0434     46.5203      0.2039      0.0000      0.0000
      7.2480    -27.0047     18.9122      1.9547      0.0000      0.0000
      5.5220     64.5450     21.1122      0.0000      0.0000      0.0000
     31.0480     39.3506    -12.9070      0.3301      0.0000      0.0000
     28.3366    -39.4008     -8.9432      0.1519      0.0000      0.0000
      4.1634     22.6028     23.2439      1.7175      0.0000      0.0000
     -7.5916     -4.4400     38.7336      1.7016      0.0000      0.0000
     85.1199    -17.9554    -98.7982      1.3084      0.0000      0.0000
     60.5840     10.3234    -65.5072     -0.6552      0.0000      0.0000
     96.9107   -146.2392   -112.7950     -0.2217      0.0000      0.0000
    -22.6137    -99.3035     47.7858     -0.2288      0.0000      0.0000
     74.0697    -29.3768    -83.8908     -0.0564      0.0000      0.0000
     91.9957      7.6454   -108.1542      0.0000      0.0000      0.0000
     62.3588    -14.5690    -67.9639      1.1754      0.0000      0.0000
     78.0900      4.7209    -89.7207      0.0000      0.0000      0.0000
