#Fitted antenna positions - Thu Sep 23 02:41:20 2010
    439.7182   -242.7932   -561.9858     -1.8833      0.0000      0.0000
   -103.6580    291.6673    170.0736     -3.3034      0.0000      0.0000
     -8.8412   -200.2312     44.8935      0.2806      0.0000      0.0000
     32.6872    376.5493     10.1637      0.3123      0.0000      0.0000
    237.6149   -399.3411   -287.1559      2.1563      0.0000      0.0000
   -296.5822   -223.6947    438.5863     -2.5159      0.0000      0.0000
    247.3114    -70.3249   -304.2128     -0.7353      0.0000      0.0000
     13.8950     -0.2260     10.5128      0.0000      0.0000      0.0000
   -208.8555   -360.1790    317.6431     -2.8794      0.0000      0.0000
    103.1565   -146.4206   -108.0158      1.1870      0.0000      0.0000
    -42.9198   -466.7874     91.5646     -1.2197      0.0000      0.0000
     78.6134     76.8038    -76.6769      0.1954      0.0000      0.0000
    186.3544    212.3931   -199.4902     -0.6744      0.0000      0.0000
     69.7201   -332.6703    -60.9796      0.1191      0.0000      0.0000
     49.7359    -65.9958    -37.3767     -0.3964      0.0000      0.0000
     84.9739    -18.4939    -98.9899      0.0000      0.0000      0.0000
     62.2241    -15.1172    -68.1800      0.0000      0.0000      0.0000
     30.4999    159.8661    -24.8260      0.0000      0.0000      0.0000
    -47.3682    -85.4587     80.1347      0.0000      0.0000      0.0000
     60.4479      9.8019    -65.6969      0.0000      0.0000      0.0000
     91.8520      7.1056   -108.3401      0.0000      0.0000      0.0000
     73.9134    -29.9053    -84.0744      0.0000      0.0000      0.0000
     77.9519      4.1804    -89.9207      0.0000      0.0000      0.0000