#Fitted antenna positions - Sun Oct 11 03:11:59 2009                            
    439.7294   -242.7924   -562.0004      1.9134      0.0000      0.0000
   -103.6331    291.6419    170.0422     -3.0946      0.0000      0.0000
    237.5712   -399.3305   -287.1693      0.8741      0.0000      0.0000
     32.6965    376.5535     10.1519      0.1453      0.0000      0.0000
     -8.7831   -200.2213     44.8809     -2.4213      0.0000      0.0000
   -296.5302   -223.6791    438.5984      0.0000      0.0000      0.0000
     49.8022    -66.0153    -37.4182      1.2792      0.0000      0.0000
     13.6785     -0.5381     10.7866      0.0000      0.0000      0.0000
     78.6332     76.8073    -76.6781      1.4989      0.0000      0.0000
    186.3950    212.4123   -199.5437      2.7272      0.0000      0.0000
    247.3205    -70.3233   -304.2300      0.0000      0.0000      0.0000
    -42.8934   -466.7516     91.5197     -1.9993      0.0000      0.0000
   -208.8595   -360.1618    317.6118      2.5624      0.0000      0.0000
     69.7074   -332.6676    -60.9654      2.7234      0.0000      0.0000
    103.2303   -146.5994   -108.1230      2.4742      0.0000      0.0000
      0.0000      0.0000      0.0000      0.0000      0.0000      0.0000
      0.0000      0.0000      0.0000      0.0000      0.0000      0.0000
      0.0000      0.0000      0.0000      0.0000      0.0000      0.0000
      0.0000      0.0000      0.0000      0.0000      0.0000      0.0000
      0.0000      0.0000      0.0000      0.0000      0.0000      0.0000
      0.0000      0.0000      0.0000      0.0000      0.0000      0.0000
      0.0000      0.0000      0.0000      0.0000      0.0000      0.0000
      0.0000      0.0000      0.0000      0.0000      0.0000      0.0000
