#Fitted antenna positions - Tue Aug 26 15:11:53 2014                            
     50.2046    -65.7463    -36.9674      0.0809      0.0000      0.0000
    -36.5713     77.8213     79.2878      0.1309      0.0000      0.0000
     37.0837   -139.8106    -18.1659      0.1115      0.0000      0.0000
     78.9865     77.0507    -76.2233      0.0648      0.0000      0.0000
    -52.6419     20.0776    100.9744      0.0279      0.0000      0.0000
    -57.1470    -64.7677    107.5553     -0.0774      0.0000      0.0000
     14.9406    -68.0555      9.5017      0.0000      0.0000      0.0000
     13.8299      0.0000     10.4576      0.0000      0.0000      0.0000
    -13.4316     27.0241     46.6385     -0.0153      0.0000      0.0000
      7.2562    -27.0618     18.9965     -0.0357      0.0000      0.0000
      5.5060     64.5386     21.2305     -0.0241      0.0000      0.0000
     31.1250     39.1832    -12.9128     -0.0005      0.0000      0.0000
     28.3854    -39.4602     -8.9130      0.0218      0.0000      0.0000
     -7.5035     -4.4630     38.7809     -0.0252      0.0000      0.0000
      4.1300     22.5883     23.3160      0.0058      0.0000      0.0000
     85.1330    -17.9735    -98.7207     -0.0593      0.0000      0.0000
     60.5988     10.3240    -65.4336     -0.0331      0.0000      0.0000
     62.3685    -14.5954    -67.9009     -0.2644      0.0000      0.0000
     69.3594      6.6903    -77.5128     -0.2294      0.0000      0.0000
     74.0818    -29.3948    -83.8101      0.1069      0.0000      0.0000
     92.0130      7.6319   -108.0721      0.0000      0.0000      0.0000
     74.3643    -12.7366    -84.3036     -0.0371      0.0000      0.0000
     78.1048      4.7025    -89.6436      0.0691      0.0000      0.0000
