#Fitted antenna positions - Thu Aug 18 11:27:38 2011                            
     50.2144    -65.8510    -37.0051      0.0000      0.0000      0.0000
     37.2688   -139.8780    -18.2148      0.0000      0.0000      0.0000
    -15.9623    -99.5175     52.8474      0.0000      0.0000      0.0000
    -36.6670     77.7067     79.1983      0.0000      0.0000      0.0000
    -52.6623     20.1433    100.9733      0.0000      0.0000      0.0000
    -57.1443    -64.8759    107.5271      0.0000      0.0000      0.0000
     14.9470    -68.1371      9.4711      0.0000      0.0000      0.0000
     13.8193      0.0000     10.4496      0.0000      0.0000      0.0000
    -13.3554     26.9293     46.5152      0.0000      0.0000      0.0000
      4.1941     22.4761     23.2116      0.0000      0.0000      0.0000
      7.2912    -27.1172     18.9399      0.0000      0.0000      0.0000
      5.5691     64.4332     21.1063      0.0000      0.0000      0.0000
     28.3938    -39.5485     -8.9496      0.0000      0.0000      0.0000
     31.1378     39.2169    -12.9002      0.0000      0.0000      0.0000
     -7.5718     -4.5920     38.7750      0.0000      0.0000      0.0000
     85.1661    -18.0807    -98.7960     -1.9758      0.0000      0.0000
     62.4074    -14.7036    -67.9854     -0.5043      0.0000      0.0000
     30.6883    160.2825    -24.6281      0.0000      0.0000      0.0000
    -80.2940   -150.7468    127.3270      0.0000      0.0000      0.0000
     74.1112    -29.5051    -83.8833      0.0000      0.0000      0.0000
     69.3958      6.5873    -77.5921      0.0000      0.0000      0.0000
     74.3947    -12.8422    -84.3781      0.0000      0.0000      0.0000
     78.1390      4.5995    -89.7210     -1.8790      0.0000      0.0000
