#Fitted antenna positions - Fri Jul  2 14:33:11 2010
     47.8439     -8.1636    -33.8756      0.0000      0.0000      0.0000
    -36.5264     77.7673     79.3603     -2.7836      0.0000      0.0000
    -15.9293    -99.6673     52.9692     -1.0245      0.0000      0.0000
    -57.0620    -65.0433    107.5491      1.2960      0.0000      0.0000
     58.1966     41.7117    -48.0967      0.0000      0.0000      0.0000
    -52.5399     20.0234    100.9743      0.0000      0.0000      0.0000
     15.0728    -68.2744      9.4690     -0.7210      0.0000      0.0000
     13.8953     -0.2259     10.5124     -0.6342      0.0000      0.0000
    -13.2318     26.6943     46.5156      0.0000      0.0000      0.0000
      4.2740     22.3697     23.2727     -1.2511      0.0000      0.0000
      7.3925    -27.2828     18.9705     -1.0725      0.0000      0.0000
      5.6412     64.2713     21.1755     -0.0072      0.0000      0.0000
     28.4623    -39.5273     -8.8719      1.4611      0.0000      0.0000
     31.2193     39.0776    -12.8433     -0.7189      0.0000      0.0000
     -7.4615     -4.7303     38.7937      0.0895      0.0000      0.0000
      0.0000      0.0000      0.0000      0.0000      0.0000      0.0000
      0.0000      0.0000      0.0000      0.0000      0.0000      0.0000
      0.0000      0.0000      0.0000      0.0000      0.0000      0.0000
      0.0000      0.0000      0.0000      0.0000      0.0000      0.0000
      0.0000      0.0000      0.0000      0.0000      0.0000      0.0000
      0.0000      0.0000      0.0000      0.0000      0.0000      0.0000
      0.0000      0.0000      0.0000      0.0000      0.0000      0.0000
      0.0000      0.0000      0.0000      0.0000      0.0000      0.0000
