#Fitted antenna positions - Wed Dec 21 12:14:25 2011                            
    549.2122    374.1627   -698.0259      0.0000      0.0000      0.0000
    383.4855  -1579.8942   -329.8326      0.0000      0.0000      0.0000
   -184.0425   -980.3221    318.1375      0.0000      0.0000      0.0000
  -1190.1146   -788.7725   1665.2941      0.0000      0.0000      0.0000
   -566.9731    642.3726    788.7323      0.0000      0.0000      0.0000
    -40.5886   -755.0298    106.1449      0.0000      0.0000      0.0000
    209.2872   -695.9274   -209.1068      0.0000      0.0000      0.0000
   -196.9153  -1521.3088    416.5541      0.0000      0.0000      0.0000
   -429.5433   -943.8425    645.8373      0.0000      0.0000      0.0000
    -74.1063   -150.6924    131.8943      0.0000      0.0000      0.0000
    369.1269   -738.6656   -429.3199      0.0000      0.0000      0.0000
    103.0980   -146.3161   -108.1255      0.0000      0.0000      0.0000
   -357.0427   -526.6048    520.1161      0.0000      0.0000      0.0000
    133.4165  -1141.7867    -93.8950      0.0000      0.0000      0.0000
   -696.9957   -523.1018   1037.6915      0.0000      0.0000      0.0000
     87.9039    -53.5169   -102.2452     -1.4519      0.0000      0.0000
   -440.7603  -1008.1943    648.2519     -0.6771      0.0000      0.0000
    571.7469    307.5457   -743.1912     -0.2945      0.0000      0.0000
   -215.7899  -1589.0491    427.2913     -0.3218      0.0000      0.0000
   -574.1855    561.9090    791.4970      1.3492      0.0000      0.0000
    381.4423  -1660.7225   -345.5818     -1.3273      0.0000      0.0000
    368.8495   -818.9552   -439.6516      1.3059      0.0000      0.0000
  -1188.2585   -868.8908   1639.5098      0.0000      0.0000      0.0000
