#Fitted antenna positions - Fri May 31 15:20:57 2013                            
    184.4174   -113.2351   -216.9559      0.0000      0.0000      0.0000
    -31.3934    116.3652     71.6455      0.0000      0.0000      0.0000
     -9.0461   -199.7776     44.9295      0.0000      0.0000      0.0000
    -73.6810   -150.7426    132.3202      0.0000      0.0000      0.0000
   -109.5066    -96.4985    179.6275      0.0000      0.0000      0.0000
     17.4602    142.2866      6.4783      0.0000      0.0000      0.0000
     14.9098    -68.0279      9.4472      0.0000      0.0000      0.0000
     13.7829      0.0019     10.4263      0.0000      0.0000      0.0000
    -13.4145     27.0431     46.5217      0.0000      0.0000      0.0000
     36.6613   -139.6672    -18.7958      0.0000      0.0000      0.0000
     49.5989    -65.7302    -37.4102      0.0000      0.0000      0.0000
     31.0474     39.3497    -12.9068      0.0000      0.0000      0.0000
     28.3371    -39.4009     -8.9428      0.0000      0.0000      0.0000
     78.4897     77.0888    -76.6901      0.0000      0.0000      0.0000
    -57.7265    -64.6233    107.1360      0.0000      0.0000      0.0000
     85.1187    -17.9555    -98.7995      0.0000      0.0000      0.0000
     60.5842     10.3241    -65.5095      0.0000      0.0000      0.0000
     96.9102   -146.2395   -112.7956      0.0000      0.0000      0.0000
    -22.6151    -99.3033     47.7844      0.0000      0.0000      0.0000
     74.0695    -29.3774    -83.8916      0.0000      0.0000      0.0000
     91.9977      7.6441   -108.1534      0.0000      0.0000      0.0000
     62.3600    -14.5683    -67.9670      0.0000      0.0000      0.0000
     78.0900      4.7207    -89.7216      0.2410      0.0000      0.0000
