#Fitted antenna positions - Sun Aug  1 13:15:35 2010
     17.6363    142.0136      6.5627     -3.3934      0.0000      0.0000
    184.5988   -113.5382   -216.8951      0.2532      0.0000      0.0000
     -8.8413   -200.2314     44.8937     -2.1878      0.0000      0.0000
    -73.5756   -151.0092    132.4150     -0.6701      0.0000      0.0000
    -31.3715    116.0946     71.6844      1.1596      0.0000      0.0000
   -109.3704    -96.7317    179.6824     -0.7292      0.0000      0.0000
     15.0728    -68.2760      9.4713     -2.6483      0.0000      0.0000
     13.8950     -0.2260     10.5128      0.0000      0.0000      0.0000
    -13.2341     26.6940     46.5174      0.5675      0.0000      0.0000
    103.1563   -146.4206   -108.0165      2.8089      0.0000      0.0000
     36.7563   -139.9974    -18.6745      2.1729      0.0000      0.0000
     78.6115     76.8040    -76.6777      1.9831      0.0000      0.0000
     28.4600    -39.5294     -8.8690      1.2201      0.0000      0.0000
     47.3215     -8.1821    -34.2801     -2.7132      0.0000      0.0000
     49.7358    -65.9960    -37.3775     -0.2783      0.0000      0.0000
     84.9739    -18.4939    -98.9899      0.0000      0.0000      0.0000
     62.2241    -15.1172    -68.1800      0.0000      0.0000      0.0000
     30.4999    159.8661    -24.8260      0.0000      0.0000      0.0000
    -47.3682    -85.4587     80.1347      0.0000      0.0000      0.0000
     60.4479      9.8019    -65.6969      0.0000      0.0000      0.0000
     91.8520      7.1056   -108.3401      0.0000      0.0000      0.0000
     73.9134    -29.9053    -84.0744      0.0000      0.0000      0.0000
     77.9519      4.1804    -89.9207      0.0000      0.0000      0.0000