#Fitted antenna positions - Thu Mar  7 15:24:08 2013                            
    184.4237   -113.2467   -216.9657      0.7665      0.0000      0.0000
    -31.3861    116.1829     71.6392     -0.1008      0.0000      0.0000
     -9.0423   -199.7767     44.9312     -0.1429      0.0000      0.0000
    -73.7040   -150.7251    132.3531     -0.0082      0.0000      0.0000
   -109.5161    -96.4773    179.6442     -0.2445      0.0000      0.0000
     17.4588    142.2684      6.4823     -0.1573      0.0000      0.0000
     14.9195    -67.9964      9.4359      0.0033      0.0000      0.0000
     13.7837      0.0033     10.4258     -0.8110      0.0000      0.0000
    -13.4128     27.0487     46.5172     -0.1006      0.0000      0.0000
      7.3109    -27.0404     18.8287      1.1781      0.0000      0.0000
     49.5989    -65.7302    -37.4102      0.0000      0.0000      0.0000
     31.0531     39.3473    -12.9154     -0.2486      0.0000      0.0000
     28.3451    -39.3891     -8.9542     -1.7601      0.0000      0.0000
      4.1736     22.6056     23.2305      0.9435      0.0000      0.0000
     -7.6050     -4.4557     38.7518      1.0881      0.0000      0.0000
     85.1199    -17.9559    -98.7986     -1.0920      0.0000      0.0000
     62.3580    -14.5764    -67.9834      0.0261      0.0000      0.0000
     41.0241     -8.0197    -39.0413     -0.0700      0.0000      0.0000
     54.3354    -42.4202    -56.7991     -0.3171      0.0000      0.0000
     74.0700    -29.3778    -83.8909      0.0204      0.0000      0.0000
     69.3486      6.7139    -77.5925     -0.0477      0.0000      0.0000
     74.3494    -12.7278    -84.3813     -0.1397      0.0000      0.0000
     78.0910      4.7199    -89.7215      2.6032      0.0000      0.0000
