#Fitted antenna positions - After Sep 7, 2007
   -296.5064   -223.7810    438.5412      0.0000      0.0000      0.0000
    237.6916   -399.3706   -287.1273      0.0000      0.0000      0.0000
     -8.8369   -200.2248     44.8655      0.0000      0.0000      0.0000
    439.7418   -242.8687   -562.1539      0.0000      0.0000      0.0000
   -103.7279    291.6093    169.9900      0.0000      0.0000      0.0000
     32.7013    376.5152     10.1505      0.0000      0.0000      0.0000
    247.3286    -70.3589   -304.2475      0.0000      0.0000      0.0000
     13.9418     -0.1401     10.4314      0.0000      0.0000      0.0000
     49.7519    -66.0202    -37.3718      0.0000      0.0000      0.0000
    107.0648    -35.5394   -114.5604     -0.1764      0.0000      0.0000
    186.3974    212.3508   -199.5433     -0.4665      0.0000      0.0000
    103.2027   -146.4413   -108.0913      0.0000      0.0000      0.0000
    -42.8972   -466.8096     91.4929      0.0000      0.0000      0.0000
   -208.7556   -360.1545    317.5186      0.0000      0.0000      0.0000
     69.6845   -332.7063    -61.0227      0.0000      0.0000      0.0000
