#Fitted antenna positions - Tue Sep  8 14:10:16 2009                            
     17.6610    142.0101      6.5264      3.1430      0.0000      0.0000
    -31.2074    115.9131     71.6248     -2.2404      0.0000      0.0000
     -8.8346   -200.2337     44.8818      0.9041      0.0000      0.0000
    -73.5824   -150.7849    132.4234      0.6510      0.0000      0.0000
    103.8010   -146.6411   -107.7596     -1.9148      0.0000      0.0000
   -109.3414    -96.7342    179.6393      0.3365      0.0000      0.0000
     36.8982   -139.8608    -18.8308      2.0408      0.0000      0.0000
     13.6785     -0.5381     10.7866      0.0000      0.0000      0.0000
     78.6335     76.8075    -76.6784      1.5122      0.0000      0.0000
     49.7645    -65.9770    -37.4130      3.1044      0.0000      0.0000
    184.0337   -113.5059   -217.3934     -0.3951      0.0000      0.0000
     15.0672    -68.2589      9.4390     -2.4549      0.0000      0.0000
     28.5615    -39.4341     -9.0021     -0.3981      0.0000      0.0000
     47.3473     -8.1880    -34.3139     -0.3843      0.0000      0.0000
    -13.2737     26.7795     46.5289     -2.5169      0.0000      0.0000
      0.0000      0.0000      0.0000      0.0000      0.0000      0.0000
      0.0000      0.0000      0.0000      0.0000      0.0000      0.0000
      0.0000      0.0000      0.0000      0.0000      0.0000      0.0000
      0.0000      0.0000      0.0000      0.0000      0.0000      0.0000
      0.0000      0.0000      0.0000      0.0000      0.0000      0.0000
      0.0000      0.0000      0.0000      0.0000      0.0000      0.0000
      0.0000      0.0000      0.0000      0.0000      0.0000      0.0000
      0.0000      0.0000      0.0000      0.0000      0.0000      0.0000
