#Fitted antenna positions - Fri Jun  8 15:21:06 2012                            
    184.4891   -113.3331   -216.9547      0.6542      0.0000      0.0000
     -8.8184   -200.0598     44.9461      1.5371      0.0000      0.0000
    -31.4538    116.2470     71.5967      0.7735      0.0000      0.0000
    -73.6098   -150.8405    132.3184      1.0932      0.0000      0.0000
   -109.4624    -96.6022    179.6629      0.6890      0.0000      0.0000
     17.5476    142.1599      6.4559      0.7230      0.0000      0.0000
     14.9799    -68.1221      9.4546      0.0400      0.0000      0.0000
     13.8598     -0.0955     10.4241     -0.0166      0.0000      0.0000
    -13.3489     26.9269     46.5345     -0.0386      0.0000      0.0000
     36.7275   -139.7419    -18.7852     -1.1868      0.0000      0.0000
     49.6760    -65.8467    -37.4144      0.0000      0.0000      0.0000
     31.1269     39.2463    -12.9148      0.1707      0.0000      0.0000
     28.3994    -39.5322     -8.9277     -1.6858      0.0000      0.0000
     78.5677     76.9392    -76.6949      0.0000      0.0000      0.0000
    -57.6507    -64.7013    107.1369      0.0698      0.0000      0.0000
     85.1809    -18.0683    -98.7833      0.2504      0.0000      0.0000
     62.4226    -14.6869    -67.9730      0.6757      0.0000      0.0000
     96.9958   -146.3775   -112.8098      0.5094      0.0000      0.0000
    -22.5610    -99.4173     47.8132      0.4871      0.0000      0.0000
     60.6676     10.2311    -65.4871      0.4442      0.0000      0.0000
     69.4103      6.5985    -77.5789      0.4656      0.0000      0.0000
     74.4102    -12.8319    -84.3669      1.0565      0.0000      0.0000
     78.1521      4.6076    -89.7058      0.4843      0.0000      0.0000
