#Fitted antenna positions - after Nov. 15, 2007
    383.5856  -1580.0563   -329.8614     -1.9723      0.0000      0.0000
   -196.1775  -1521.5128    417.0018      0.4424      0.0000      0.0000
    369.7761   -738.8892   -428.9857     -1.1059      0.0000      0.0000
  -1189.9849   -788.9521   1665.3066      1.4985      0.0000      0.0000
   -566.8469    642.1698    788.7273     -0.4262      0.0000      0.0000
    549.3406    373.9374   -698.1160     -0.8030      0.0000      0.0000
   -696.8316   -523.3169   1037.7112      2.1243      0.0000      0.0000
   -429.3893   -944.0555    645.7949     -1.1241      0.0000      0.0000
   -184.3203   -980.4965    317.7085     -0.0496      0.0000      0.0000
    107.0649    -35.5394   -114.5595      0.0000      0.0000      0.0000
   -356.8947   -526.8287    520.1176      0.5961      0.0000      0.0000
    209.4269   -696.0851   -209.1554     -1.6251      0.0000      0.0000
    -73.9782   -150.7773    131.8986      0.7614      0.0000      0.0000
    133.5777  -1141.9355    -93.9405     -0.7148      0.0000      0.0000
    -40.9419   -755.2271    105.7004     -1.3553      0.0000      0.0000
