#Fitted antenna positions - Mon Nov 25 18:06:03 2013                            
    549.2311    374.3113   -698.1258      0.1136      0.0000      0.0000
   -183.9493   -980.2178    318.1690     -0.7714      0.0000      0.0000
    383.3669  -1579.7517   -329.9684      0.2487      0.0000      0.0000
  -1190.1136   -788.6628   1665.2164      0.4224      0.0000      0.0000
   -566.9646    642.5088    788.6488     -2.0319      0.0000      0.0000
    -73.7012   -150.5422    132.3529      1.7756      0.0000      0.0000
    209.2966   -695.8005   -209.1877      0.1343      0.0000      0.0000
   -196.9127  -1521.1715    416.4825      0.2895      0.0000      0.0000
   -429.5612   -943.7653    645.7906     -0.2658      0.0000      0.0000
   -696.9995   -522.9464   1037.6351      1.9381      0.0000      0.0000
     49.5911    -65.6049    -37.4280      0.0000      0.0000      0.0000
    369.1446   -738.5162   -429.4166      0.0615      0.0000      0.0000
   -357.0428   -526.4693    520.0572      0.0818      0.0000      0.0000
    133.3928  -1141.6765    -93.9385      0.1034      0.0000      0.0000
    -41.1224   -754.9484    105.7001     -0.3059      0.0000      0.0000
     85.1468    -17.9610    -98.8617      0.0000      0.0000      0.0000
     62.3861    -14.5778    -68.0509      0.0000      0.0000      0.0000
     96.9385   -146.2444   -112.8583      0.0000      0.0000      0.0000
    -22.5858    -99.3085     47.7222      0.0000      0.0000      0.0000
     74.0968    -29.3822    -83.9540      0.0000      0.0000      0.0000
     69.3722      6.7023    -77.6499      0.0000      0.0000      0.0000
     74.3770    -12.7194    -84.4448      0.0000      0.0000      0.0000
     78.1187      4.7157    -89.7835      0.0000      0.0000      0.0000
