#Fitted antenna positions - Thu Dec 30 11:18:05 2010                            
   -183.8179   -980.4037    318.1985      0.0153      0.0000      0.0000
    383.6613  -1580.0127   -329.8626      0.0347      0.0000      0.0000
    549.2947    374.0058   -698.0784      0.0140      0.0000      0.0000
  -1189.9337   -788.9145   1665.2659      0.0213      0.0000      0.0000
   -566.8046    642.2522    788.7173      0.0080      0.0000      0.0000
    -40.4076   -755.1600    106.1079      0.0399      0.0000      0.0000
    209.4598   -696.0414   -209.1294      0.0085      0.0000      0.0000
   -196.7707  -1521.4496    416.5649     -0.0087      0.0000      0.0000
   -429.3659   -943.9954    645.8123      0.0000      0.0000      0.0000
    369.2836   -738.7831   -429.3369     -0.0003      0.0000      0.0000
    103.2911   -146.5876   -108.1648      0.0058      0.0000      0.0000
    -73.9486   -150.7134    131.9036      0.0032      0.0000      0.0000
   -356.8689   -526.7316    520.1011     -0.0338      0.0000      0.0000
    133.5708  -1141.8979    -93.8996      0.0101      0.0000      0.0000
   -696.8475   -523.2485   1037.7037      0.0090      0.0000      0.0000
     80.4679    -53.9854   -108.3261      0.0000      0.0000      0.0000
   -448.1792  -1008.6718    642.1668      0.0000      0.0000      0.0000
    563.7900    307.2792   -749.0688      0.0000      0.0000      0.0000
   -223.2418  -1589.5114    421.2088      0.0000      0.0000      0.0000
   -582.1558    561.6332    785.6047      0.0000      0.0000      0.0000
    373.4515  -1660.9895   -351.4556      0.0000      0.0000      0.0000
    361.4063   -819.4190   -445.7345      0.0000      0.0000      0.0000
  -1196.2278   -869.1631   1633.6353      0.0000      0.0000      0.0000
