#Fitted antenna positions - Mon Feb  4 17:12:53 2013                            
    549.1950    373.8872   -697.9999      0.0000      0.0000      0.0000
    383.4404  -1580.1521   -329.7647      0.0000      0.0000      0.0000
   -184.0925   -980.5980    318.2090      0.0000      0.0000      0.0000
  -1190.1539   -789.0583   1665.3558      0.0000      0.0000      0.0000
   -567.0159    642.1147    788.7979      0.0000      0.0000      0.0000
    -40.6029   -755.3025    106.1678      0.0000      0.0000      0.0000
    209.2401   -696.2007   -209.0406      0.0000      0.0000      0.0000
   -196.9675  -1521.5899    416.6269      0.0000      0.0000      0.0000
   -429.5624   -944.1460    645.8671      0.0000      0.0000      0.0000
    -74.1631   -150.9442    131.9747      0.0000      0.0000      0.0000
    369.0934   -738.9344   -429.2706      0.0000      0.0000      0.0000
    103.0517   -146.5795   -108.0578      0.0000      0.0000      0.0000
   -357.0952   -526.9051    520.2002      0.0000      0.0000      0.0000
    133.3682  -1142.0678    -93.8329      0.0000      0.0000      0.0000
   -697.0331   -523.3858   1037.7505      0.0000      0.0000      0.0000
     85.1123    -18.3535    -98.7406      0.0000      0.0000      0.0000
     60.5762      9.9433    -65.4470     -3.1315      0.0000      0.0000
     30.6350    160.0088    -24.5743      0.0000      0.0000      0.0000
    -47.2355    -85.3176     80.3880      0.0000      0.0000      0.0000
     74.0627    -29.7757    -83.8331      0.0000      0.0000      0.0000
     91.9895      7.2404   -108.0933      0.0000      0.0000      0.0000
     62.3622    -14.9649    -67.9039      0.4985      0.0000      0.0000
     78.0838      4.3224    -89.6636      0.0000      0.0000      0.0000
