#Fitted antenna positions - Mon Mar  1 15:14:23 2010                            
    439.7238   -242.7832   -561.9918      0.0400      0.0000      0.0000
   -103.6762    291.6324    170.0977      1.7654      0.0000      0.0000
    237.5387   -399.3275   -287.1214     -0.7880      0.0000      0.0000
     32.6724    376.5458     10.1865     -2.1222      0.0000      0.0000
     -8.8014   -200.2383     44.9050      1.4016      0.0000      0.0000
   -296.5948   -223.6797    438.6055      5.4173      0.0000      0.0000
     49.7418    -66.0129    -37.3382      2.5102      0.0000      0.0000
     13.8963     -0.2247     10.5122      1.3101      0.0000      0.0000
    186.3967    212.3956   -199.5109     -0.4061      0.0000      0.0000
     78.6486     76.7692    -76.7327      1.3406      0.0000      0.0000
    247.2896    -70.3267   -304.2119      0.0000      0.0000      0.0000
    -42.9132   -466.7466     91.5473      4.3706      0.0000      0.0000
   -208.8850   -360.1790    317.6461      0.1597      0.0000      0.0000
     69.6894   -332.6844    -60.9412     -0.4862      0.0000      0.0000
    103.2136   -146.6275   -108.0999     -2.8680      0.0000      0.0000
      0.0000      0.0000      0.0000      0.0000      0.0000      0.0000
      0.0000      0.0000      0.0000      0.0000      0.0000      0.0000
      0.0000      0.0000      0.0000      0.0000      0.0000      0.0000
      0.0000      0.0000      0.0000      0.0000      0.0000      0.0000
      0.0000      0.0000      0.0000      0.0000      0.0000      0.0000
      0.0000      0.0000      0.0000      0.0000      0.0000      0.0000
      0.0000      0.0000      0.0000      0.0000      0.0000      0.0000
      0.0000      0.0000      0.0000      0.0000      0.0000      0.0000
