#Fitted antenna positions - From 26 Oct. -
   -296.5052   -223.7806    438.5422      2.2018      0.0000      0.0000
    237.6902   -399.3705   -287.1262     -1.3603      0.0000      0.0000
     -8.8374   -200.2238     44.8662     -2.0693      0.0000      0.0000
    439.7406   -242.8699   -562.1518      0.1061      0.0000      0.0000
   -103.7274    291.6095    169.9895     -0.9500      0.0000      0.0000
     32.7010    376.5158     10.1511      2.6377      0.0000      0.0000
    247.3274    -70.3591   -304.2477      0.2859      0.0000      0.0000
     13.9418     -0.1401     10.4314      0.0000      0.0000      0.0000
     49.7507    -66.0198    -37.3715      0.7031      0.0000      0.0000
    107.0647    -35.5394   -114.5593      1.3013      0.0000      0.0000
    186.3966    212.3491   -199.5441     -3.1608      0.0000      0.0000
    103.2016   -146.4410   -108.0907      2.6869      0.0000      0.0000
    -42.8977   -466.8090     91.4941      1.7933      0.0000      0.0000
   -208.7561   -360.1543    317.5197      1.1595      0.0000      0.0000
     69.6837   -332.7063    -61.0221      1.2568      0.0000      0.0000
