#Fitted antenna positions - Fri Jan 13 22:07:57 2012                            
   -103.7815    291.8371    170.0306      0.0461      0.0000      0.0000
     -8.8151   -200.0592     44.9448      3.4176      0.0000      0.0000
    439.5744   -242.6596   -562.0764     -1.3979      0.0000      0.0000
     32.5947    376.7243     10.1505      0.3197      0.0000      0.0000
    237.5154   -399.2049   -287.1568      3.3210      0.0000      0.0000
   -296.6675   -223.5344    438.5639      1.7118      0.0000      0.0000
    247.2193    -70.1606   -304.2258      0.0055      0.0000      0.0000
     13.8128      0.0203     10.4864      0.8788      0.0000      0.0000
     69.5853   -332.5235    -61.0386     -2.3210      0.0000      0.0000
    -42.9983   -466.5908     91.5174      1.0371      0.0000      0.0000
     49.6782    -65.8513    -37.4141     -1.3008      0.0000      0.0000
    103.1283   -146.2990   -108.0357     -2.9975      0.0000      0.0000
    186.2674    212.5409   -199.5131     -1.2244      0.0000      0.0000
     78.5682     76.9396    -76.6950      0.0000      0.0000      0.0000
   -208.9341   -360.0531    317.5675     -1.9200      0.0000      0.0000
     85.1617    -18.0897    -98.7762      0.0000      0.0000      0.0000
     62.4022    -14.7098    -67.9667      1.0167      0.0000      0.0000
     30.6836    160.2710    -24.6097      1.5101      0.0000      0.0000
    -47.1875    -85.0530     80.3551     -3.1138      0.0000      0.0000
     60.6473     10.2090    -65.4786     -3.5600      0.0000      0.0000
     92.0399      7.5082   -108.1282     -2.5241      0.0000      0.0000
     74.0938    -29.5249    -83.8539      1.0613      0.0000      0.0000
     78.1333      4.5860    -89.6998      2.2166      0.0000      0.0000
