#Fitted antenna positions - After Jun. 13-
     17.6650    141.9992      6.4975      0.0000      0.0000      0.0000
    -31.1985    115.8708     71.5791      0.0000      0.0000      0.0000
     -8.8395   -200.1465     44.8659      0.0000      0.0000      0.0000
    -73.5423   -150.7997    132.3448      0.0000      0.0000      0.0000
    184.5538   -113.5725   -217.0213      0.0000      0.0000      0.0000
   -109.3817    -96.8481    179.6645      0.0000      0.0000      0.0000
     36.8589   -140.1046    -18.8003      0.0000      0.0000      0.0000
     13.9418     -0.1401     10.4314     -0.2277      0.0000      0.0000
     49.7605    -65.8009    -37.3876      0.0000      0.0000      0.0000
    107.0462    -35.5693   -114.5408      0.0000      0.0000      0.0000
     15.0757    -68.3360      9.4113      0.0000      0.0000      0.0000
    103.1933   -146.5093   -108.0859      0.0000      0.0000      0.0000
     28.5312    -39.4901     -8.9877      0.0000      0.0000      0.0000
     47.3704     -8.1840    -34.3552      0.0000      0.0000      0.0000
     78.6713     76.7486    -76.7891      0.0000      0.0000      0.0000
