#Fitted antenna positions - Thu Dec  3 12:51:30 2009                            
    -40.4169   -755.1604    106.1969     -3.0390      0.0000      0.0000
    383.6436  -1580.0261   -329.8450     -0.7511      0.0000      0.0000
    549.2921    373.9846   -698.0913     -1.6071      0.0000      0.0000
  -1189.9656   -788.9412   1665.3055     -0.1640      0.0000      0.0000
   -566.8508    642.2394    788.7630     -2.3418      0.0000      0.0000
   -183.8843   -980.4372    318.1906     -4.1625      0.0000      0.0000
   -696.8308   -523.2436   1037.7249     -0.0499      0.0000      0.0000
   -196.7691  -1521.4492    416.5636      0.5918      0.0000      0.0000
    369.2758   -738.8173   -429.3008      1.7721      0.0000      0.0000
    237.0709   -399.3066   -287.5379      0.5891      0.0000      0.0000
   -356.8803   -526.7568    520.1219      0.1465      0.0000      0.0000
    -73.9643   -150.7000    131.9115      0.0773      0.0000      0.0000
   -429.4322   -944.0107    645.8531     -2.0937      0.0000      0.0000
    133.5397  -1141.9292    -93.8693     -3.0392      0.0000      0.0000
    103.2310   -146.5996   -108.1224      0.0000      0.0000      0.0000
      0.0000      0.0000      0.0000      0.0000      0.0000      0.0000
      0.0000      0.0000      0.0000      0.0000      0.0000      0.0000
      0.0000      0.0000      0.0000      0.0000      0.0000      0.0000
      0.0000      0.0000      0.0000      0.0000      0.0000      0.0000
      0.0000      0.0000      0.0000      0.0000      0.0000      0.0000
      0.0000      0.0000      0.0000      0.0000      0.0000      0.0000
      0.0000      0.0000      0.0000      0.0000      0.0000      0.0000
      0.0000      0.0000      0.0000      0.0000      0.0000      0.0000
