#Fitted antenna positions - Sun Mar 29 15:37:48 2015                            
    184.4586   -113.2637   -216.9155      0.0000      0.0000      0.0000
    -31.3067    116.1754     71.6334      0.0000      0.0000      0.0000
     -8.9663   -199.9831     44.9229      0.0000      0.0000      0.0000
     17.4502    142.2478      6.5559      0.0000      0.0000      0.0000
   -109.4563    -96.5209    179.6565      0.0000      0.0000      0.0000
    -73.6013   -150.7463    132.3449      0.0000      0.0000      0.0000
     14.9397    -68.0552      9.5014      0.0000      0.0000      0.0000
     13.8299      0.0000     10.4576      0.0000      0.0000      0.0000
    -13.4317     27.0239     46.6394      0.0000      0.0000      0.0000
     36.5902   -139.7281    -18.6072      0.0000      0.0000      0.0000
     49.5785    -65.5936    -37.2856      0.0000      0.0000      0.0000
     31.1241     39.1823    -12.9123      0.0000      0.0000      0.0000
     28.3854    -39.4607     -8.9123      0.0000      0.0000      0.0000
    -57.6371    -64.7628    107.1823      0.0000      0.0000      0.0000
     78.4560     77.0605    -76.6177      0.0000      0.0000      0.0000
     85.1330    -17.9740    -98.7210      0.3641      0.0000      0.0000
     60.5985     10.3242    -65.4343      0.4209      0.0000      0.0000
     62.3682    -14.5962    -67.9015      0.4015      0.0000      0.0000
     69.3588      6.6898    -77.5131      0.1054      0.0000      0.0000
     74.0816    -29.3952    -83.8103      0.3132      0.0000      0.0000
     92.0130      7.6316   -108.0726      0.3534      0.0000      0.0000
     74.3650    -12.7370    -84.3045      0.2261      0.0000      0.0000
     78.1046      4.7021    -89.6442      0.3820      0.0000      0.0000
