#Fitted antenna positions - Thu Mar 29 19:17:29 2012                            
   -103.7827    291.8390    170.0303     -0.7201      0.0000      0.0000
     -8.8131   -200.0587     44.9468     -0.7027      0.0000      0.0000
    439.5751   -242.6581   -562.0769      0.5973      0.0000      0.0000
     32.5953    376.7290     10.1514     -0.5065      0.0000      0.0000
    237.5178   -399.2019   -287.1569      0.4140      0.0000      0.0000
   -296.6660   -223.5313    438.5637     -1.2315      0.0000      0.0000
    247.2215    -70.1600   -304.2273      0.3975      0.0000      0.0000
     13.8603     -0.0945     10.4245     -0.1643      0.0000      0.0000
     69.5877   -332.5225    -60.9686     -0.1154      0.0000      0.0000
    -42.9967   -466.5914     91.5181     -0.2096      0.0000      0.0000
     49.6763    -65.8470    -37.4140      0.0000      0.0000      0.0000
    103.1283   -146.3052   -108.1062     -0.0210      0.0000      0.0000
    186.2679    212.5413   -199.5141      0.1812      0.0000      0.0000
     78.5680     76.9396    -76.6946     -0.1007      0.0000      0.0000
   -208.9325   -360.0515    317.5690     -0.4705      0.0000      0.0000
     85.1617    -18.0897    -98.7762      0.0000      0.0000      0.0000
     62.4022    -14.7098    -67.9667      0.0000      0.0000      0.0000
     30.7058    160.2922    -24.6175      2.8027      0.0000      0.0000
    -47.1875    -85.0530     80.3551      0.0000      0.0000      0.0000
     60.6473     10.2090    -65.4786      0.0000      0.0000      0.0000
     92.0399      7.5082   -108.1282      0.0000      0.0000      0.0000
     74.1129    -29.5048    -83.8619      0.0515      0.0000      0.0000
     78.1333      4.5860    -89.6998      0.0000      0.0000      0.0000
