#Fitted antenna positions - Wed Nov  7 15:31:29 2012                            
    184.4925   -113.5068   -216.9615      0.0530      0.0000      0.0000
     -8.7977   -200.2265     44.9198      0.0000      0.0000      0.0000
    -31.3998    115.9119     71.5293      0.0000      0.0000      0.0000
    -73.6072   -150.9990    132.3188      0.0000      0.0000      0.0000
   -109.4134    -96.7557    179.5993      0.0000      0.0000      0.0000
     17.5548    141.9897      6.4473      0.0000      0.0000      0.0000
     15.0000    -68.2855      9.4249      0.0000      0.0000      0.0000
     13.8799     -0.2598     10.3943      0.0000      0.0000      0.0000
    -13.3275     26.7629     46.5051      0.0000      0.0000      0.0000
     36.6675   -139.9865    -18.7113      0.0000      0.0000      0.0000
     49.6760    -65.8467    -37.4144      0.0000      0.0000      0.0000
     31.1495     39.0819    -12.9436      0.0000      0.0000      0.0000
     28.4202    -39.6957     -8.9575      0.0000      0.0000      0.0000
     78.5898     76.7942    -76.7253      0.0000      0.0000      0.0000
    -57.6405    -65.0248    107.1184      0.0000      0.0000      0.0000
     85.2031    -18.2318    -98.8125      0.0000      0.0000      0.0000
     60.6678     10.0654    -65.5237      0.0000      0.0000      0.0000
     97.0169   -146.5410   -112.8396      0.0000      0.0000      0.0000
    -22.5398    -99.5808     47.7833      0.0000      0.0000      0.0000
     74.1529    -29.6540    -83.9046      0.0000      0.0000      0.0000
     92.0805      7.3622   -108.1651      0.0000      0.0000      0.0000
     62.4511    -14.8430    -67.9804      2.8159      0.0000      0.0000
     78.1746      4.4443    -89.7349      0.0000      0.0000      0.0000
