#Fitted antenna positions - Thu Apr 24 17:49:37 2014                            
    184.4465   -113.2678   -216.8999      2.0782      0.0000      0.0000
    -31.3837    116.3550     71.7323      0.5819      0.0000      0.0000
     -8.9602   -199.9636     44.9118      2.4729      0.0000      0.0000
     17.4460    142.2557      6.5653      1.6109      0.0000      0.0000
   -109.4523    -96.5126    179.6540     -2.8161      0.0000      0.0000
    -73.6324   -150.7445    132.3854      1.2170      0.0000      0.0000
     14.9413    -68.0554      9.5010     -3.3625      0.0000      0.0000
     13.8299      0.0000     10.4576      0.0000      0.0000      0.0000
    -13.4315     27.0233     46.6397     -1.1795      0.0000      0.0000
     36.6903   -139.6500    -18.7376     -2.3216      0.0000      0.0000
     49.5765    -65.6188    -37.2884     -2.7273      0.0000      0.0000
     31.1042     39.2310    -12.8879      0.0000      0.0000      0.0000
     28.3854    -39.4616     -8.9136     -0.4589      0.0000      0.0000
    -57.7057    -64.5816    107.2767      1.6776      0.0000      0.0000
     78.4635     76.9945    -76.6265      0.1294      0.0000      0.0000
     85.1327    -17.9750    -98.7218     -0.5610      0.0000      0.0000
     62.3690    -14.5917    -67.9120     -3.9231      0.0000      0.0000
     96.9227   -146.2586   -112.7184      2.8486      0.0000      0.0000
    -22.6017    -99.3224     47.8622      0.9162      0.0000      0.0000
     74.0804    -29.3968    -83.8109     -1.5096      0.0000      0.0000
     69.3568      6.6883    -77.5091     -5.3614      0.0000      0.0000
     74.3637    -12.7351    -84.3018      0.0000      0.0000      0.0000
     78.1038      4.7011    -89.6448     -3.0512      0.0000      0.0000
