#Fitted antenna positions - Wed Sep  8 08:34:27 2010
     17.6356    142.0136      6.5613      0.9654      0.0000      0.0000
    184.5979   -113.5380   -216.8961      2.7946      0.0000      0.0000
     -8.8415   -200.2313     44.8930      0.9710      0.0000      0.0000
    -73.5763   -151.0092    132.4147      2.0677      0.0000      0.0000
    -31.3721    116.0948     71.6840     -0.5194      0.0000      0.0000
   -109.3711    -96.7315    179.6819     -0.2725      0.0000      0.0000
     15.0724    -68.2757      9.4713      2.2726      0.0000      0.0000
     13.8950     -0.2260     10.5128      0.0000      0.0000      0.0000
    -13.2331     26.6940     46.5178      1.0560      0.0000      0.0000
    103.1564   -146.4205   -108.0163      2.3680      0.0000      0.0000
     36.7564   -139.9975    -18.6743      3.1859      0.0000      0.0000
     78.6124     76.8041    -76.6775     -2.6062      0.0000      0.0000
     28.4602    -39.5293     -8.8686     -2.3187      0.0000      0.0000
     47.3224     -8.1824    -34.2792     -1.2839      0.0000      0.0000
     49.7359    -65.9958    -37.3769     -1.7258      0.0000      0.0000
     84.9739    -18.4939    -98.9899      0.0000      0.0000      0.0000
     62.2241    -15.1172    -68.1800      0.0000      0.0000      0.0000
     30.4999    159.8661    -24.8260      0.0000      0.0000      0.0000
    -47.3682    -85.4587     80.1347      0.0000      0.0000      0.0000
     60.4479      9.8019    -65.6969      0.0000      0.0000      0.0000
     91.8520      7.1056   -108.3401      0.0000      0.0000      0.0000
     73.9134    -29.9053    -84.0744      0.0000      0.0000      0.0000
     77.9519      4.1804    -89.9207      0.0000      0.0000      0.0000