#Fitted antenna positions - Sun Nov 16 16:23:27 2014                            
     50.2058    -65.7457    -36.9665     -0.2227      0.0000      0.0000
    -36.5690     77.8218     79.2894     -0.3389      0.0000      0.0000
     37.0835   -139.8101    -18.1641      0.0000      0.0000      0.0000
     78.9890     77.0511    -76.2220     -0.4987      0.0000      0.0000
    -52.6413     20.0782    100.9746     -0.0934      0.0000      0.0000
    -57.1472    -64.7671    107.5567      0.0000      0.0000      0.0000
     14.9410    -68.0550      9.5019     -0.0817      0.0000      0.0000
     13.8299      0.0000     10.4576      0.0000      0.0000      0.0000
    -13.4312     27.0241     46.6387     -0.0618      0.0000      0.0000
      7.2562    -27.0628     18.9976     -0.0520      0.0000      0.0000
      5.5066     64.5387     21.2314     -0.1452      0.0000      0.0000
     31.1252     39.1827    -12.9117     -0.3414      0.0000      0.0000
     28.3860    -39.4606     -8.9124     -0.0380      0.0000      0.0000
     -7.5030     -4.4633     38.7814     -0.0999      0.0000      0.0000
      4.1300     22.5883     23.3160      0.0000      0.0000      0.0000
     85.1351    -17.9738    -98.7197     -0.3497      0.0000      0.0000
     60.6007     10.3241    -65.4332     -0.1766      0.0000      0.0000
     62.3707    -14.5960    -67.9006     -0.1685      0.0000      0.0000
     69.3594      6.6903    -77.5128      0.0000      0.0000      0.0000
     74.0838    -29.3951    -83.8089     -0.3000      0.0000      0.0000
     92.0155      7.6320   -108.0711     -0.3216      0.0000      0.0000
     74.3659    -12.7370    -84.3033     -0.2988      0.0000      0.0000
     78.1068      4.7024    -89.6430     -0.2478      0.0000      0.0000
