#Fitted antenna positions - Mon Jul 13 15:21:11 2009                            
     47.8702     -8.1652    -33.9118      0.6604      0.0000      0.0000
    -36.5057     77.7548     79.3274     -0.7593      0.0000      0.0000
    -15.9175    -99.4411     52.9502      0.0000      0.0000      0.0000
     58.1879     41.7308    -48.1133      3.6674      0.0000      0.0000
    -57.0003    -65.0564    107.4932      3.8502      0.0000      0.0000
    -52.5427     20.0244    100.9730      0.4905      0.0000      0.0000
      7.5392    -27.2792     18.8022     -0.5768      0.0000      0.0000
     13.6779     -0.5385     10.7859      0.0000      0.0000      0.0000
      4.2803     22.2970     23.2967      1.1440      0.0000      0.0000
     -7.5291     -4.8062     38.8804      2.3422      0.0000      0.0000
      5.6844     64.2695     21.1205      1.1935      0.0000      0.0000
     15.0666    -68.2601      9.4384      2.2360      0.0000      0.0000
     28.5608    -39.4350     -9.0033     -2.3535      0.0000      0.0000
     31.2417     39.0868    -12.8782      2.9276      0.0000      0.0000
    -13.2745     26.7783     46.5281      1.6967      0.0000      0.0000
