#Fitted antenna positions - Sat Jan 19 02:53:07 2013                            
    549.1950    373.7040   -697.9999      0.0000      0.0000      0.0000
    383.4404  -1580.3353   -329.7647      0.0000      0.0000      0.0000
   -184.0925   -980.7812    318.2090      0.0000      0.0000      0.0000
  -1190.1539   -789.2415   1665.3558      0.0000      0.0000      0.0000
   -567.0159    641.9315    788.7979      0.0000      0.0000      0.0000
    -40.6029   -755.4857    106.1678      0.0000      0.0000      0.0000
    209.2401   -696.3839   -209.0406      0.0000      0.0000      0.0000
   -196.9675  -1521.7731    416.6269      0.0000      0.0000      0.0000
   -429.5624   -944.3292    645.8671      0.0000      0.0000      0.0000
    -74.1631   -151.1274    131.9747      0.0000      0.0000      0.0000
    369.0934   -739.1176   -429.2706      0.0000      0.0000      0.0000
    103.1669   -146.4587   -108.1255      0.0000      0.0000      0.0000
   -357.0952   -527.0883    520.2002      0.0000      0.0000      0.0000
    133.3682  -1142.2510    -93.8329      0.0000      0.0000      0.0000
   -697.0331   -523.5690   1037.7505      0.0000      0.0000      0.0000
     85.2038    -18.2351    -98.8124      0.0000      0.0000      0.0000
     60.6683     10.0658    -65.5239      0.0000      0.0000      0.0000
     30.7269    160.1295    -24.6449      0.9866      0.0000      0.0000
    -47.1446    -85.1964     80.3170      0.0000      0.0000      0.0000
     74.1560    -29.6547    -83.9078      0.0000      0.0000      0.0000
     92.0808      7.3617   -108.1650      0.0000      0.0000      0.0000
     62.4600    -14.8453    -67.9785      0.0000      0.0000      0.0000
     78.1758      4.4442    -89.7374      0.0000      0.0000      0.0000
