#Fitted antenna positions - Sun Nov 10 17:55:20 2013                            
   -103.8192    291.9475    169.9491     -2.0091      0.0000      0.0000
    439.6440   -242.5802   -562.0794      0.0000      0.0000      0.0000
     -8.9709   -199.9457     44.8029      0.0892      0.0000      0.0000
     32.5652    376.8446     10.0608      1.5311      0.0000      0.0000
    237.4921   -399.0598   -287.2538      0.1227      0.0000      0.0000
   -296.7173   -223.4422    438.5005     -2.1353      0.0000      0.0000
    247.2146    -70.0211   -304.3458     -0.2986      0.0000      0.0000
     13.8073     -0.0029     10.3630     -1.4884      0.0000      0.0000
     69.5230   -332.4154    -61.0155      2.7194      0.0000      0.0000
    -43.0661   -466.4283     91.4769      3.2499      0.0000      0.0000
     49.5911    -65.6049    -37.4280      0.0000      0.0000      0.0000
    -37.2334     78.0262     78.7744      1.6415      0.0000      0.0000
    186.2034    212.6570   -199.5565      1.2139      0.0000      0.0000
     78.5132     77.0684    -76.7492     -2.9026      0.0000      0.0000
   -209.0014   -359.9373    317.5283     -0.0178      0.0000      0.0000
     85.1471    -17.9607    -98.8620      1.0882      0.0000      0.0000
     62.3838    -14.5765    -68.0523     -0.5129      0.0000      0.0000
     96.9375   -146.2442   -112.8589     -0.1196      0.0000      0.0000
    -22.5868    -99.3080     47.7210     -0.4264      0.0000      0.0000
     74.0982    -29.3820    -83.9537      1.4794      0.0000      0.0000
     69.3717      6.7024    -77.6504      0.0725      0.0000      0.0000
     74.3779    -12.7188    -84.4445      0.2080      0.0000      0.0000
     78.1173      4.7160    -89.7843      2.2101      0.0000      0.0000
