#Fitted antenna positions - Tue Jul 27 10:54:37 2010
     47.8443     -8.1639    -33.8742      1.0521      0.0000      0.0000
    -36.5265     77.7670     79.3607     -1.4295      0.0000      0.0000
    -15.9292    -99.6674     52.9692     -0.4857      0.0000      0.0000
    -57.0614    -65.0433    107.5498     -1.0331      0.0000      0.0000
     58.1969     41.7113    -48.0958     -1.3993      0.0000      0.0000
    -52.5872     20.0323    101.0375      0.7954      0.0000      0.0000
     15.0720    -68.2746      9.4692     -3.1769      0.0000      0.0000
     13.8946     -0.2260     10.5126      0.4382      0.0000      0.0000
    -13.2318     26.6943     46.5156      0.0000      0.0000      0.0000
      4.2736     22.3697     23.2729     -2.0342      0.0000      0.0000
      7.3919    -27.2825     18.9706     -0.0352      0.0000      0.0000
      5.6408     64.2714     21.1757     -1.7130      0.0000      0.0000
     28.4621    -39.5270     -8.8718     -1.0577      0.0000      0.0000
     31.2191     39.0772    -12.8435     -2.3830      0.0000      0.0000
     -7.4620     -4.7303     38.7937     -0.9615      0.0000      0.0000
     84.9739    -18.4939    -98.9899      0.0000      0.0000      0.0000
     62.2001    -15.0965    -68.1603      0.0000      0.0000      0.0000
     30.4201    159.6407    -24.7689      0.0000      0.0000      0.0000
    -47.5203    -85.3532     80.3114      0.0000      0.0000      0.0000
     60.3739      9.7751    -65.6886      0.0000      0.0000      0.0000
     91.8579      7.0921   -108.3877      0.0000      0.0000      0.0000
     73.8901    -29.8972    -84.0897      0.0000      0.0000      0.0000
     77.9354      4.1726    -89.9247      0.0000      0.0000      0.0000
