#Fitted antenna positions - Fri Aug 26 14:32:25 2011                            
    184.4602   -113.3745   -216.9498      3.3828      0.0000      0.0000
    -31.3125    116.0321     71.6002      0.7119      0.0000      0.0000
     -8.9585   -200.0687     44.8790      0.5189      0.0000      0.0000
    -73.6410   -150.8508    132.3298     -0.8739      0.0000      0.0000
   -109.4514    -96.6233    179.6170      2.7846      0.0000      0.0000
     17.5464    141.9563      6.4282     -0.4714      0.0000      0.0000
     14.9453    -68.1368      9.4702      3.5381      0.0000      0.0000
     13.8193      0.0000     10.4496      0.0000      0.0000      0.0000
    -13.3565     26.9296     46.5143      1.7739      0.0000      0.0000
     78.5115     76.9527    -76.7160      0.9538      0.0000      0.0000
    103.0458   -146.3907   -108.0212     -1.3174      0.0000      0.0000
     49.6406    -65.6958    -37.4052     -1.4852      0.0000      0.0000
     28.3923    -39.5485     -8.9500     -2.6055      0.0000      0.0000
     31.1373     39.2170    -12.9006     -0.6696      0.0000      0.0000
     36.5825   -139.8819    -18.6344      0.6374      0.0000      0.0000
     85.1662    -18.0804    -98.7963      1.3252      0.0000      0.0000
     62.4070    -14.7034    -67.9855      3.3958      0.0000      0.0000
     30.6874    160.2828    -24.6288     -1.0023      0.0000      0.0000
    -47.1850    -85.0566     80.3384      3.7346      0.0000      0.0000
     74.1111    -29.5046    -83.8839     -1.7724      0.0000      0.0000
     69.3952      6.5877    -77.5926      2.0033      0.0000      0.0000
     74.3946    -12.8417    -84.3784     -2.1554      0.0000      0.0000
     78.1385      4.5999    -89.7215      1.4171      0.0000      0.0000
