#Fitted antenna positions - Fri Jul 15 12:39:55 2011                            
     50.2136    -65.8513    -37.0059      0.0000      0.0000      0.0000
     37.2698   -139.8781    -18.2144      0.0000      0.0000      0.0000
    -15.9630    -99.5176     52.8465      0.0000      0.0000      0.0000
    -36.6686     77.7067     79.1972      0.0000      0.0000      0.0000
    -52.6623     20.1435    100.9727      0.0000      0.0000      0.0000
    -57.1449    -64.8761    107.5254      0.0000      0.0000      0.0000
     14.9454    -68.1375      9.4702      0.0000      0.0000      0.0000
     13.8193      0.0000     10.4496      0.0000      0.0000      0.0000
    -13.3570     26.9291     46.5146      0.0000      0.0000      0.0000
      4.1941     22.4762     23.2105      0.7685      0.0000      0.0000
      7.2904    -27.1178     18.9396      0.0000      0.0000      0.0000
      5.5684     64.4332     21.1062      0.0000      0.0000      0.0000
     28.3922    -39.5489     -8.9504      0.0000      0.0000      0.0000
     31.1370     39.2170    -12.9006      0.0000      0.0000      0.0000
     -7.5727     -4.5920     38.7748      0.0000      0.0000      0.0000
     85.1651    -18.0811    -98.7969      0.0000      0.0000      0.0000
     62.3919    -14.7062    -67.9640      0.0000      0.0000      0.0000
     30.6815    160.2755    -24.6586      0.0000      0.0000      0.0000
    -80.2937   -150.7465    127.3269      0.0000      0.0000      0.0000
     74.1119    -29.5057    -83.8834      0.0000      0.0000      0.0000
     69.3955      6.5871    -77.5920      0.0000      0.0000      0.0000
     74.3946    -12.8423    -84.3787      0.0000      0.0000      0.0000
     78.1404      4.5995    -89.7221      0.0000      0.0000      0.0000
