#Fitted antenna positions - Tue Jan 13 16:46:08 2015                            
    184.4589   -113.2636   -216.9158     -0.3858      0.0000      0.0000
    -31.3067    116.1754     71.6334     -0.3842      0.0000      0.0000
     -8.9664   -199.9823     44.9232     -0.2958      0.0000      0.0000
     17.4490    142.2478      6.5549     -0.3048      0.0000      0.0000
   -109.4555    -96.5201    179.6572     -0.2526      0.0000      0.0000
    -73.6004   -150.7456    132.3451     -0.4059      0.0000      0.0000
     14.9405    -68.0550      9.5015      0.0978      0.0000      0.0000
     13.8299     -0.0000     10.4576      0.0000      0.0000      0.0000
    -13.4315     27.0238     46.6388      0.0940      0.0000      0.0000
     36.5902   -139.7281    -18.6072      0.0341      0.0000      0.0000
     49.5788    -65.5933    -37.2852     -0.0326      0.0000      0.0000
     31.1241     39.1823    -12.9123      0.2140      0.0000      0.0000
     28.3860    -39.4608     -8.9123      0.0360      0.0000      0.0000
    -57.6372    -64.7608    107.1833      0.0000      0.0000      0.0000
     78.4556     77.0601    -76.6183      0.0306      0.0000      0.0000
     85.1348    -17.9744    -98.7192      0.0428      0.0000      0.0000
     60.6008     10.3238    -65.4328     -0.0671      0.0000      0.0000
     62.3704    -14.5970    -67.9001      0.0329      0.0000      0.0000
     69.3594      6.6903    -77.5128      0.0000      0.0000      0.0000
     74.0831    -29.3957    -83.8087      0.1128      0.0000      0.0000
     92.0147      7.6312   -108.0708      0.1559      0.0000      0.0000
     74.3657    -12.7374    -84.3025      0.0149      0.0000      0.0000
     78.1065      4.7017    -89.6425      0.0347      0.0000      0.0000
