#Fitted antenna positions - Mon Apr 14 16:08:16 2008
   -296.5143   -223.6965    438.5604     -0.9413      0.0000      0.0000
    237.6875   -399.3809   -287.1183     -2.4733      0.0000      0.0000
     -8.8301   -200.2457     44.8584     -0.7958      0.0000      0.0000
    439.6975   -242.8383   -562.0925     -2.9080      0.0000      0.0000
   -103.7247    291.6127    169.9823      0.5283      0.0000      0.0000
     32.7119    376.5321     10.1384     -0.5215      0.0000      0.0000
    247.3269    -70.3662   -304.2450     -1.6680      0.0000      0.0000
     13.9342     -0.1141     10.4472      0.0000      0.0000      0.0000
     49.7498    -65.8393    -37.3737     -1.8029      0.0000      0.0000
    107.0600    -35.5334   -114.5521      0.2963      0.0000      0.0000
    186.3956    212.3582   -199.5434     -0.3177      0.0000      0.0000
    103.2400   -146.6406   -108.1413      0.0000      0.0000      0.0000
    -42.9021   -466.8007     91.5067     -0.5163      0.0000      0.0000
   -208.7557   -360.1521    317.5213     -2.1176      0.0000      0.0000
     69.6698   -332.6897    -60.9991     -3.3562      0.0000      0.0000

