#Fitted antenna positions - After Aug. 8
     47.8833     -8.1534    -33.9495     -0.6990      0.0000      0.0000
    -36.4992     77.7438     79.2980      0.1321      0.0000      0.0000
    -15.8475    -99.5334     52.8397      6.4068      0.0000      0.0000
     58.2351     41.6869    -48.1960     -1.0271      0.0000      0.0000
    -57.0138    -65.0871    107.4921     -0.8992      0.0000      0.0000
    -52.5208     20.0080    100.9265     -1.4600      0.0000      0.0000
      7.4517    -27.3506     18.9060      0.3654      0.0000      0.0000
     13.9418     -0.1401     10.4314      0.0000      0.0000      0.0000
     -7.4000     -4.7441     38.7354      0.3686      0.0000      0.0000
      4.3181     22.3059     23.1920      0.6832      0.0000      0.0000
     15.0790    -68.3398      9.4106      0.2051      0.0000      0.0000
      5.7245     64.2710     21.0396     -3.0656      0.0000      0.0000
     28.5344    -39.4945     -8.9880     -0.2262      0.0000      0.0000
     31.2502     39.0442    -12.9067     -1.3947      0.0000      0.0000
    -13.2394     26.7893     46.4725      1.5075      0.0000      0.0000
