#Fitted antenna positions - solution after Oct. 7, 2007
   -296.5051   -223.7805    438.5418     -0.3389      0.0000      0.0000
    237.6916   -399.3709   -287.1254      0.0000      0.0000      0.0000
     -8.8372   -200.2241     44.8660      0.0000      0.0000      0.0000
    439.7403   -242.8705   -562.1516      0.0000      0.0000      0.0000
   -103.7284    291.6092    169.9897      0.0000      0.0000      0.0000
     32.7009    376.5157     10.1511     -0.1183      0.0000      0.0000
    247.3263    -70.3599   -304.2477      0.0000      0.0000      0.0000
     13.9418     -0.1401     10.4314      0.0000      0.0000      0.0000
     49.7511    -66.0201    -37.3724      0.0000      0.0000      0.0000
    107.0641    -35.5393   -114.5600      0.0000      0.0000      0.0000
    186.3947    212.3487   -199.5454      0.0000      0.0000      0.0000
    103.2016   -146.4409   -108.0920      0.0000      0.0000      0.0000
    -42.8968   -466.8091     91.4942      0.0000      0.0000      0.0000
   -208.7548   -360.1538    317.5195      0.0000      0.0000      0.0000
     69.6845   -332.7064    -61.0224      0.0000      0.0000      0.0000
