#Fitted antenna positions - Jun. 25, 2007-
     17.6648    141.9982      6.4985     -0.1880      0.0000      0.0000
    -31.1986    115.8694     71.5803     -0.2982      0.0000      0.0000
     -8.8406   -200.1473     44.8662      0.2686      0.0000      0.0000
    -73.5436   -150.8004    132.3448      0.4363      0.0000      0.0000
    184.5517   -113.5726   -217.0210      0.6790      0.0000      0.0000
   -109.3846    -96.8485    179.6635      1.2654      0.0000      0.0000
     36.8589   -140.1046    -18.8003      0.0000      0.0000      0.0000
     13.9420     -0.1405     10.4318     -0.1696      0.0000      0.0000
     49.7605    -65.8009    -37.3876      0.0000      0.0000      0.0000
    107.0462    -35.5693   -114.5408      0.0000      0.0000      0.0000
     15.0757    -68.3360      9.4113      0.0000      0.0000      0.0000
    103.1933   -146.5093   -108.0859      0.0000      0.0000      0.0000
     28.5315    -39.4895     -8.9863     -0.3498      0.0000      0.0000
     47.3708     -8.1833    -34.3546     -0.2302      0.0000      0.0000
     78.6713     76.7486    -76.7891      0.0000      0.0000      0.0000
