#Fitted antenna positions - Thu Apr  5 13:53:37 2012                            
    184.4909   -113.3321   -216.9561     -0.0672      0.0000      0.0000
     -8.8145   -200.0581     44.9466     -0.5754      0.0000      0.0000
    -31.4503    116.2481     71.5968     -0.7512      0.0000      0.0000
    -73.6059   -150.8391    132.3182     -0.5498      0.0000      0.0000
   -109.4593    -96.6011    179.6621     -0.3756      0.0000      0.0000
     17.5505    142.1615      6.4559     -0.2684      0.0000      0.0000
     14.9801    -68.1216      9.4543     -0.0976      0.0000      0.0000
     13.8597     -0.0945     10.4238     -0.7332      0.0000      0.0000
    -13.3487     26.9267     46.5345     -0.0701      0.0000      0.0000
     36.7282   -139.7417    -18.7859     -0.1835      0.0000      0.0000
     49.6760    -65.8467    -37.4144      0.0000      0.0000      0.0000
     31.1273     39.2459    -12.9152      0.0000      0.0000      0.0000
     28.4001    -39.5320     -8.9284     -0.0950      0.0000      0.0000
     78.5675     76.9399    -76.6952      0.1775      0.0000      0.0000
    -57.6496    -64.7007    107.1367     -0.0715      0.0000      0.0000
     85.1828    -18.0670    -98.7837     -0.9023      0.0000      0.0000
     62.4267    -14.6867    -67.9728      0.3277      0.0000      0.0000
     30.7054    160.2923    -24.6178     -0.6756      0.0000      0.0000
    -47.1679    -85.0302     80.3471     -1.0645      0.0000      0.0000
     60.6696     10.2324    -65.4875      0.2330      0.0000      0.0000
     92.0626      7.5311   -108.1395      0.5345      0.0000      0.0000
     74.1121    -29.5046    -83.8621      0.1957      0.0000      0.0000
     78.1544      4.6085    -89.7067      0.9905      0.0000      0.0000
