#Fitted antenna positions - Tue Apr 29 11:02:31 2014                            
    184.4458   -113.2678   -216.9005      0.1308      0.0000      0.0000
    -31.3844    116.3550     71.7321     -1.6410      0.0000      0.0000
     -8.9605   -199.9639     44.9116      0.9010      0.0000      0.0000
     17.4441    142.2551      6.5644      0.3326      0.0000      0.0000
   -109.4528    -96.5124    179.6539      0.0794      0.0000      0.0000
    -73.6333   -150.7438    132.3848      0.1510      0.0000      0.0000
     14.9410    -68.0560      9.5015     -0.0035      0.0000      0.0000
     13.8299      0.0000     10.4576      0.0000      0.0000      0.0000
    -13.4315     27.0233     46.6397      0.0000      0.0000      0.0000
     36.6902   -139.6504    -18.7370     -0.0145      0.0000      0.0000
     49.5787    -65.6191    -37.2865     -0.4275      0.0000      0.0000
     31.1237     39.1825    -12.9114     -2.4848      0.0000      0.0000
     28.3854    -39.4616     -8.9136      0.0000      0.0000      0.0000
    -57.7056    -64.5812    107.2765      2.6621      0.0000      0.0000
     78.4619     76.9944    -76.6269      0.2608      0.0000      0.0000
     85.1328    -17.9748    -98.7212     -0.0602      0.0000      0.0000
     62.3688    -14.5915    -67.9119      0.0155      0.0000      0.0000
     96.9236   -146.2582   -112.7179     -0.1622      0.0000      0.0000
    -22.6009    -99.3225     47.8624     -0.1260      0.0000      0.0000
     74.0819    -29.3967    -83.8101     -1.6248      0.0000      0.0000
     69.3577      6.6885    -77.5090     -0.1349      0.0000      0.0000
     74.3632    -12.7338    -84.3022      0.0732      0.0000      0.0000
     78.1039      4.7012    -89.6446     -0.0252      0.0000      0.0000
