#Fitted antenna positions - Thu Oct  9 14:53:05 2014                            
     50.2040    -65.7460    -36.9663     -0.0326      0.0000      0.0000
    -36.5714     77.8215     79.2892     -0.1229      0.0000      0.0000
     37.0835   -139.8101    -18.1641     -0.1472      0.0000      0.0000
     78.9858     77.0508    -76.2227      0.0314      0.0000      0.0000
    -52.6425     20.0779    100.9754     -0.0131      0.0000      0.0000
    -57.1472    -64.7671    107.5567     -0.1080      0.0000      0.0000
     14.9406    -68.0549      9.5016     -0.0032      0.0000      0.0000
     13.8299      0.0000     10.4576      0.0000      0.0000      0.0000
    -13.4317     27.0242     46.6387      0.0005      0.0000      0.0000
      7.2561    -27.0621     18.9972     -0.0522      0.0000      0.0000
      5.5058     64.5389     21.2309     -0.0002      0.0000      0.0000
     31.1235     39.1833    -12.9131      0.2202      0.0000      0.0000
     28.3857    -39.4603     -8.9125     -0.0823      0.0000      0.0000
     -7.5034     -4.4630     38.7808     -0.0037      0.0000      0.0000
      4.1300     22.5883     23.3160      0.0000      0.0000      0.0000
     85.1329    -17.9738    -98.7203     -0.0314      0.0000      0.0000
     60.5993     10.3240    -65.4331     -0.1167      0.0000      0.0000
     62.3693    -14.5958    -67.9004     -0.1467      0.0000      0.0000
     69.3594      6.6903    -77.5128      0.0000      0.0000      0.0000
     74.0819    -29.3950    -83.8094     -0.0709      0.0000      0.0000
     92.0133      7.6317   -108.0715     -0.0856      0.0000      0.0000
     74.3637    -12.7370    -84.3034      0.0651      0.0000      0.0000
     78.1050      4.7023    -89.6431     -0.0706      0.0000      0.0000
