#Fitted antenna positions - Tue Dec 23 14:48:43 2008                            
    -40.3849   -755.1849    106.1365      1.4929      0.0000      0.0000
    383.6285  -1580.0778   -329.8416      1.5045      0.0000      0.0000
   -183.8552   -980.4699    318.0687      1.2395      0.0000      0.0000
  -1189.9951   -788.9615   1665.3254     -1.6992      0.0000      0.0000
   -566.8488    642.2049    788.7396     -0.1265      0.0000      0.0000
    549.2964    373.9630   -698.0503     -2.3018      0.0000      0.0000
   -696.8281   -523.2909   1037.7031     -1.0113      0.0000      0.0000
   -196.8094  -1521.5044    416.5932     -1.2539      0.0000      0.0000
    369.2890   -738.8556   -429.3369     -3.3828      0.0000      0.0000
    209.3703   -696.0876   -209.0841     -1.9967      0.0000      0.0000
   -356.8947   -526.8006    520.1238     -1.3787      0.0000      0.0000
    -73.9450   -150.8183    131.8660      0.3392      0.0000      0.0000
    103.2137   -146.6316   -108.1109      0.0000      0.0000      0.0000
    133.5588  -1141.9376    -93.9140     -2.4784      0.0000      0.0000
   -429.4110   -944.0467    645.8042     -1.1897      0.0000      0.0000
