#Fitted antenna positions - Sun Feb 10 16:27:57 2013                            
    184.4236   -113.2476   -216.9660     -0.2509      0.0000      0.0000
    -31.3860    116.1824     71.6379     -0.4849      0.0000      0.0000
     -9.0435   -199.7779     44.9297      1.0920      0.0000      0.0000
    -73.7044   -150.7249    132.3526     -0.7604      0.0000      0.0000
   -109.5174    -96.4777    179.6425     -3.3644      0.0000      0.0000
     17.4587    142.2677      6.4813     -2.2689      0.0000      0.0000
     14.9193    -67.9966      9.4356     -3.3242      0.0000      0.0000
     13.8299      0.0000     10.4576      0.0000      0.0000      0.0000
    -13.3541     26.9303     46.5403      0.0000      0.0000      0.0000
      7.3108    -27.0411     18.8283      1.8084      0.0000      0.0000
     49.5989    -65.7302    -37.4102      0.0000      0.0000      0.0000
     31.0541     39.3465    -12.9144      0.9732      0.0000      0.0000
     28.3450    -39.3898     -8.9546     -1.4812      0.0000      0.0000
      4.2867     22.3898     23.1833      0.0000      0.0000      0.0000
     -7.5319     -4.5998     38.8297      0.0000      0.0000      0.0000
     85.1205    -17.9565    -98.7981     -0.6229      0.0000      0.0000
     62.3593    -14.5773    -67.9837      2.0960      0.0000      0.0000
     41.0397     -8.0498    -38.9656      0.0000      0.0000      0.0000
     51.2026    -43.6103    -58.9983      0.0000      0.0000      0.0000
     74.0704    -29.3784    -83.8907     -1.7980      0.0000      0.0000
     69.3491      6.7135    -77.5925     -3.6645      0.0000      0.0000
     74.3484    -12.7288    -84.3826     -2.7415      0.0000      0.0000
     78.0908      4.7193    -89.7217      3.2037      0.0000      0.0000
