#Fitted antenna positions - Fri Jun  4 14:10:38 2010
     17.6384    142.0100      6.5586     -0.4135      0.0000      0.0000
    -31.2028    115.9253     71.6208     -1.9740      0.0000      0.0000
    184.4817   -113.5344   -216.9605     -0.0336      0.0000      0.0000
    -73.5571   -151.0271    132.3895     -0.2576      0.0000      0.0000
     -8.8031   -200.2374     44.9046     -1.3499      0.0000      0.0000
   -109.4162    -96.5420    179.7431     -0.6138      0.0000      0.0000
     49.7417    -66.0128    -37.3380     -0.3361      0.0000      0.0000
     13.8955     -0.2252     10.5120      0.0000      0.0000      0.0000
    -13.2317     26.6945     46.5160      2.0560      0.0000      0.0000
     78.6479     76.7696    -76.7320      1.3233      0.0000      0.0000
     15.0385    -68.2903      9.4852      2.4897      0.0000      0.0000
     36.8260   -139.9455    -18.7729     -0.1577      0.0000      0.0000
     28.4625    -39.5273     -8.8717      1.4965      0.0000      0.0000
     47.3169     -8.2039    -34.2729      0.4546      0.0000      0.0000
    103.2140   -146.6272   -108.0996     -2.2937      0.0000      0.0000
      0.0000      0.0000      0.0000      0.0000      0.0000      0.0000
      0.0000      0.0000      0.0000      0.0000      0.0000      0.0000
      0.0000      0.0000      0.0000      0.0000      0.0000      0.0000
      0.0000      0.0000      0.0000      0.0000      0.0000      0.0000
      0.0000      0.0000      0.0000      0.0000      0.0000      0.0000
      0.0000      0.0000      0.0000      0.0000      0.0000      0.0000
      0.0000      0.0000      0.0000      0.0000      0.0000      0.0000
      0.0000      0.0000      0.0000      0.0000      0.0000      0.0000