#Fitted antenna positions - Thu Jul 23 11:55:14 2009                            
     17.6609    142.0094      6.5269      1.9674      0.0000      0.0000
    -31.2090    115.9123     71.6241     -3.4204      0.0000      0.0000
     -8.8342   -200.2343     44.8816     -2.4359      0.0000      0.0000
    -73.5828   -150.7855    132.4232     -0.3532      0.0000      0.0000
    103.8013   -146.6414   -107.7596      1.9667      0.0000      0.0000
   -109.3408    -96.7346    179.6386     -2.9680      0.0000      0.0000
     36.8985   -139.8610    -18.8307      1.8235      0.0000      0.0000
     13.6784     -0.5382     10.7867     -2.2999      0.0000      0.0000
     78.6332     76.8072    -76.6783      2.0428      0.0000      0.0000
     49.7647    -65.9778    -37.4131      1.4807      0.0000      0.0000
    184.0332   -113.5061   -217.3935      2.4576      0.0000      0.0000
     15.0672    -68.2595      9.4392      0.0000      0.0000      0.0000
     28.5613    -39.4348     -9.0021      2.6035      0.0000      0.0000
     47.3472     -8.1880    -34.3140     -0.3056      0.0000      0.0000
    -13.2736     26.7790     46.5291     -0.8385      0.0000      0.0000
