#Fitted antenna positions - Fri Apr  2 12:40:55 2010                            
    439.7251   -242.7830   -561.9915      1.3641      0.0000      0.0000
   -103.6777    291.6320    170.0973      1.2717      0.0000      0.0000
    237.5409   -399.3274   -287.1202     -1.3319      0.0000      0.0000
     32.6698    376.5452     10.1860      3.6134      0.0000      0.0000
     -8.8004   -200.2381     44.9056     -0.6846      0.0000      0.0000
   -296.5952   -223.6805    438.6062      2.7761      0.0000      0.0000
     49.7415    -66.0132    -37.3383     -0.1449      0.0000      0.0000
     13.8955     -0.2252     10.5120     -3.5842      0.0000      0.0000
    186.3956    212.3951   -199.5113      1.4795      0.0000      0.0000
     78.6475     76.7691    -76.7329      2.7752      0.0000      0.0000
    247.2896    -70.3267   -304.2119      0.0000      0.0000      0.0000
    -42.9117   -466.7473     91.5478      1.0504      0.0000      0.0000
   -208.8852   -360.1794    317.6458      0.7608      0.0000      0.0000
     69.6905   -332.6851    -60.9413     -3.3883      0.0000      0.0000
    103.2141   -146.6276   -108.0998     -2.0927      0.0000      0.0000
      0.0000      0.0000      0.0000      0.0000      0.0000      0.0000
      0.0000      0.0000      0.0000      0.0000      0.0000      0.0000
      0.0000      0.0000      0.0000      0.0000      0.0000      0.0000
      0.0000      0.0000      0.0000      0.0000      0.0000      0.0000
      0.0000      0.0000      0.0000      0.0000      0.0000      0.0000
      0.0000      0.0000      0.0000      0.0000      0.0000      0.0000
      0.0000      0.0000      0.0000      0.0000      0.0000      0.0000
      0.0000      0.0000      0.0000      0.0000      0.0000      0.0000
