#Fitted antenna positions - Thu Jul 24 12:33:46 2014                            
     50.2041    -65.7464    -36.9669      0.2874      0.0000      0.0000
    -36.5719     77.8209     79.2885      0.3295      0.0000      0.0000
     37.0835   -139.8108    -18.1644      0.7670      0.0000      0.0000
     78.9859     77.0509    -76.2231     -1.0350      0.0000      0.0000
    -52.6426     20.0777    100.9743      0.0881      0.0000      0.0000
    -57.1493    -64.7681    107.5549      0.3254      0.0000      0.0000
     14.9406    -68.0555      9.5017     -0.1244      0.0000      0.0000
     13.8299      0.0000     10.4576      0.0000      0.0000      0.0000
    -13.4323     27.0239     46.6388      0.0783      0.0000      0.0000
      7.2560    -27.0621     18.9968      0.0267      0.0000      0.0000
      5.5051     64.5380     21.2303      0.0283      0.0000      0.0000
     31.1242     39.1836    -12.9129      0.3939      0.0000      0.0000
     28.3851    -39.4605     -8.9126      1.3541      0.0000      0.0000
     -7.5035     -4.4630     38.7808      0.0207      0.0000      0.0000
      4.1296     22.5884     23.3163     -0.7622      0.0000      0.0000
     85.1316    -17.9740    -98.7210      0.2214      0.0000      0.0000
     62.3668    -14.5903    -67.9113      0.2579      0.0000      0.0000
     96.9222   -146.2579   -112.7178      0.8222      0.0000      0.0000
    -22.6013    -99.3224     47.8632      0.0497      0.0000      0.0000
     74.0802    -29.3956    -83.8104     -0.0037      0.0000      0.0000
     69.3575      6.6891    -77.5081     -0.0616      0.0000      0.0000
     74.3610    -12.7329    -84.3030      0.6444      0.0000      0.0000
     78.1028      4.7018    -89.6448      0.1441      0.0000      0.0000
