# Fit C1,C6,C8,C10,C13,C16-23 at cm relative to C14; C14 and all others from antpos.100501
   17.6372   142.0100     6.5574   0.0000  0.0000  0.0000
  -31.2030   115.9251    71.6199   0.0000  0.0000  0.0000
  184.4822  -113.5348  -216.9609   0.0000  0.0000  0.0000
  -73.5570  -151.0274   132.3887   0.0000  0.0000  0.0000
   -8.8019  -200.2377    44.9054   0.0000  0.0000  0.0000
  -73.5583  -150.9910   132.4174   0.0000  0.0000  0.0000
   49.7418   -66.0128   -37.3381   0.0000  0.0000  0.0000
   13.8948    -0.2260    10.5118   0.0000  0.0000  0.0000
  -13.2318    26.6943    46.5156   0.0000  0.0000  0.0000
   57.6290    41.7071   -48.6905   0.0000  0.0000  0.0000
   15.0392   -68.2904     9.4855   0.0000  0.0000  0.0000
   36.8271  -139.9457   -18.7730   0.0000  0.0000  0.0000
   28.4616   -39.5273    -8.8724   0.0000  0.0000  0.0000
   47.3172    -8.2037   -34.2731   0.0000  0.0000  0.0000
  103.2143  -146.6271  -108.0996   0.0000  0.0000  0.0000
   85.2569   -18.2260   -98.7534   0.0000  0.0000  0.0000
   62.5041   -14.8506   -67.9472   0.0000  0.0000  0.0000
   78.2503     4.4458   -89.7001   0.0000  0.0000  0.0000
   69.4821     6.4247   -77.5372   0.0000  0.0000  0.0000
   60.7357    10.0708   -65.4583   0.0000  0.0000  0.0000
   92.1349     7.3729  -108.1048   0.0000  0.0000  0.0000
   74.1932   -29.6376   -83.8406   0.0000  0.0000  0.0000
   74.4831   -12.9996   -84.3502   0.0000  0.0000  0.0000
