#Fitted antenna positions - After May 1, 2007
     17.6650    141.9991      6.4975      0.0000      0.0000      0.0000
    -31.1985    115.8707     71.5790      0.0000      0.0000      0.0000
     -8.8395   -200.1463     44.8659      0.0000      0.0000      0.0000
    -73.5422   -150.7996    132.3447      0.0000      0.0000      0.0000
    184.5536   -113.5724   -217.0211      0.0000      0.0000      0.0000
   -109.3816    -96.8480    179.6643     -0.0586      0.0000      0.0000
     36.8589   -140.1045    -18.8003      0.0000      0.0000      0.0000
     13.9414     -0.1393     10.4303      0.0000      0.0000      0.0000
     49.7605    -65.8009    -37.3876      0.0000      0.0000      0.0000
    107.0461    -35.5693   -114.5407      0.0000      0.0000      0.0000
     15.0757    -68.3359      9.4113      0.0000      0.0000      0.0000
    103.1932   -146.5092   -108.0858      0.0000      0.0000      0.0000
     28.5312    -39.4901     -8.9877      0.0000      0.0000      0.0000
     47.3704     -8.1840    -34.3552      0.0000      0.0000      0.0000
     78.6712     76.7485    -76.7890      0.0000      0.0000      0.0000
