#Fitted antenna positions - Wed Mar 17 20:01:41 2010                            
    439.7247   -242.7834   -561.9919      2.8597      0.0000      0.0000
   -103.6769    291.6325    170.0976     -0.1542      0.0000      0.0000
    237.5400   -399.3280   -287.1205      1.3328      0.0000      0.0000
     32.6716    376.5462     10.1866      2.0581      0.0000      0.0000
     -8.8007   -200.2381     44.9060      0.9231      0.0000      0.0000
   -296.5935   -223.6796    438.6074     -0.3291      0.0000      0.0000
     49.7419    -66.0129    -37.3377     -2.5566      0.0000      0.0000
     13.8958     -0.2243     10.5124     -1.5503      0.0000      0.0000
    186.3962    212.3952   -199.5110      3.3320      0.0000      0.0000
     78.6480     76.7694    -76.7326      3.0262      0.0000      0.0000
    247.2896    -70.3267   -304.2119      0.0000      0.0000      0.0000
    -42.9117   -466.7469     91.5492      1.6111      0.0000      0.0000
   -208.8842   -360.1789    317.6480     -3.2013      0.0000      0.0000
     69.6902   -332.6845    -60.9400     -1.4577      0.0000      0.0000
    103.2138   -146.6275   -108.0994     -2.4883      0.0000      0.0000
      0.0000      0.0000      0.0000      0.0000      0.0000      0.0000
      0.0000      0.0000      0.0000      0.0000      0.0000      0.0000
      0.0000      0.0000      0.0000      0.0000      0.0000      0.0000
      0.0000      0.0000      0.0000      0.0000      0.0000      0.0000
      0.0000      0.0000      0.0000      0.0000      0.0000      0.0000
      0.0000      0.0000      0.0000      0.0000      0.0000      0.0000
      0.0000      0.0000      0.0000      0.0000      0.0000      0.0000
      0.0000      0.0000      0.0000      0.0000      0.0000      0.0000
