#Fitted antenna positions - Thu Jun 12 06:30:58 2014                            
    184.4443   -113.2669   -216.9004      0.5150      0.0000      0.0000
    -31.3867    116.3556     71.7321     -0.1410      0.0000      0.0000
     -8.9602   -199.9635     44.9125     -0.1212      0.0000      0.0000
     17.4435    142.2556      6.5647      1.5958      0.0000      0.0000
   -109.4555    -96.5120    179.6538     -0.0977      0.0000      0.0000
    -73.6359   -150.7435    132.3850      1.7539      0.0000      0.0000
     14.9401    -68.0560      9.5008      0.4667      0.0000      0.0000
     13.8299      0.0000     10.4576      0.0000      0.0000      0.0000
    -13.4328     27.0237     46.6391      0.5755      0.0000      0.0000
     36.6889   -139.6497    -18.7372      0.5006      0.0000      0.0000
     49.5777    -65.6187    -37.2873     -0.3306      0.0000      0.0000
     31.1234     39.1830    -12.9123      0.2547      0.0000      0.0000
     28.3846    -39.4611     -8.9130      0.1345      0.0000      0.0000
    -57.7067    -64.5811    107.2767      1.2864      0.0000      0.0000
     78.4613     76.9949    -76.6270     -0.0933      0.0000      0.0000
     85.1328    -17.9748    -98.7212      0.0000      0.0000      0.0000
     62.3688    -14.5915    -67.9119      0.0000      0.0000      0.0000
     96.9236   -146.2582   -112.7179      0.0000      0.0000      0.0000
    -22.6009    -99.3225     47.8624      0.0000      0.0000      0.0000
     74.0819    -29.3967    -83.8101      0.0000      0.0000      0.0000
     69.3577      6.6885    -77.5090      0.0000      0.0000      0.0000
     74.3632    -12.7338    -84.3022      0.0000      0.0000      0.0000
     78.1039      4.7012    -89.6446      0.0000      0.0000      0.0000
