#Fitted antenna positions - Thu May 12 21:31:40 2011. First solutions after move to D in CARMA23 mode. Ref. antenna C8. No data for C11                          
    184.4306   -113.3802   -216.9117      0.0000      0.0000      0.0000
    -31.3793    116.2492     71.6894      0.0000      0.0000      0.0000
     -8.9819   -200.0840     44.9114      0.0000      0.0000      0.0000
    -73.6792   -150.8791    132.3854      0.0000      0.0000      0.0000
   -109.4952    -96.6363    179.6776      0.0000      0.0000      0.0000
     17.5078    142.1661      6.4792      0.0000      0.0000      0.0000
     14.9106    -68.1392      9.5147      0.0000      0.0000      0.0000
     13.7854      0.0000     10.4942      0.0000      0.0000      0.0000
    -13.3916     26.9270     46.5594      0.0000      0.0000      0.0000
     47.1736     -8.0399    -34.3135      0.0000      0.0000      0.0000
    103.5236   -146.3607   -108.6447      0.0000      0.0000      0.0000
     49.5886    -65.7081    -37.3363      0.0000      0.0000      0.0000
     28.3584    -39.5513     -8.9061      0.0000      0.0000      0.0000
     78.5196     76.9461    -76.6651      0.0000      0.0000      0.0000
     36.6767   -139.8000    -18.7554      0.0000      0.0000      0.0000
     85.1321    -18.0832    -98.7511      0.0000      0.0000      0.0000
     62.3756    -14.7069    -67.9409      0.0000      0.0000      0.0000
     30.6574    160.2814    -24.5820     -1.2232      0.0000      0.0000
    -47.2131    -85.0499     80.3764      0.0000      0.0000      0.0000
     60.6068     10.2180    -65.4551      0.0000      0.0000      0.0000
     69.3620      6.5844    -77.5465      0.0000      0.0000      0.0000
     74.3604    -12.8454    -84.3333      0.0000      0.0000      0.0000
     78.1057      4.5968    -89.6768      0.0000      0.0000      0.0000