#Fitted antenna positions - Thu Jul  5 13:43:06 2012                            
     50.2179    -65.8463    -36.9770     -0.3789      0.0000      0.0000
     37.2490   -139.8919    -18.1535      0.1583      0.0000      0.0000
    -36.6746     77.7112     79.2034     -0.3218      0.0000      0.0000
    -57.0900    -64.8127    107.4507     -0.0672      0.0000      0.0000
    -52.6295     20.0018    100.9621     -0.1834      0.0000      0.0000
     79.0835     76.9925    -76.3095     -0.4818      0.0000      0.0000
     14.9812    -68.1220      9.4556     -1.2410      0.0000      0.0000
     13.8592     -0.0957     10.4238      1.8890      0.0000      0.0000
    -13.3467     26.9271     46.5353     -0.5950      0.0000      0.0000
      7.3036    -27.1207     18.9410     -2.1737      0.0000      0.0000
      5.5973     64.4484     21.1123      0.0000      0.0000      0.0000
     31.1290     39.2466    -12.9142      0.0000      0.0000      0.0000
     28.4012    -39.5321     -8.9269     -0.8589      0.0000      0.0000
      4.2324     22.4837     23.2569     -0.4865      0.0000      0.0000
     -7.5381     -4.5612     38.7629     -0.4871      0.0000      0.0000
     85.1817    -18.0684    -98.7833      0.6616      0.0000      0.0000
     62.4233    -14.6866    -67.9732      0.0000      0.0000      0.0000
     96.9974   -146.3778   -112.8099     -0.5940      0.0000      0.0000
    -22.5595    -99.4173     47.8134     -1.1576      0.0000      0.0000
     74.1308    -29.4909    -83.8756     -2.1914      0.0000      0.0000
     69.4091      6.5986    -77.5804      2.0703      0.0000      0.0000
     74.4106    -12.8310    -84.3674     -0.2931      0.0000      0.0000
     78.1510      4.6073    -89.7071      0.4857      0.0000      0.0000
