#Fitted antenna positions - Wed Nov 23 22:35:57 2011                            
    549.2266    374.1627   -698.0197      0.0000      0.0000      0.0000
    383.4856  -1579.8953   -329.8323      0.0000      0.0000      0.0000
   1991.5919  -1241.5348  -2644.4456      0.0000      0.0000      0.0000
  -1190.1135   -788.7722   1665.2955      0.0000      0.0000      0.0000
   -566.9579    642.3730    788.7408      0.0000      0.0000      0.0000
    850.6405  -4527.1382   -829.6257      0.0000      0.0000      0.0000
    336.6275  -3180.1912   -294.8447      0.0000      0.0000      0.0000
   -196.9153  -1521.3088    416.5541      0.0000      0.0000      0.0000
   -429.5359   -943.8421    645.8415      0.0000      0.0000      0.0000
   -952.5249  -1095.1213   1348.1675      0.0000      0.0000      0.0000
    369.1370   -738.6667   -429.3150      0.0000      0.0000      0.0000
  -1235.4668  -4204.8457   1862.6265      0.0000      0.0000      0.0000
   1645.0549  -2289.7163  -2064.5366      0.0000      0.0000      0.0000
   1336.9548   -919.8508  -1742.8696      0.0000      0.0000      0.0000
   -725.1985  -3434.9216   1133.9275      0.0000      0.0000      0.0000
  -1200.3807  -4196.2393   1785.6874      0.0000      0.0000      0.0000
   1968.3357  -1173.6649  -2644.0249      0.1005      0.0000      0.0000
      0.0000      0.0000      0.0000      0.0000      0.0000      0.0000
    302.4734  -3254.1160   -276.9885      0.0000      0.0000      0.0000
   -581.9916    562.0467    785.8507      0.0000      0.0000      0.0000
    373.6330  -1660.5797   -351.2276      0.0000      0.0000      0.0000
    816.1170  -4453.3545   -825.9639      0.0000      0.0000      0.0000
  -1196.0665   -868.7549   1633.8627      0.0000      0.0000      0.0000
