#Fitted antenna positions - Thu Jul 21 11:23:46 2011                            
     50.2136    -65.8513    -37.0059      0.0000      0.0000      0.0000
     37.2705   -139.8779    -18.2145      0.0000      0.0000      0.0000
    -15.9630    -99.5176     52.8465      0.0000      0.0000      0.0000
    -36.6667     77.7066     79.1978      0.0000      0.0000      0.0000
    -52.6614     20.1434    100.9726      0.0000      0.0000      0.0000
    -57.1446    -64.8761    107.5262      0.0000      0.0000      0.0000
     14.9470    -68.1373      9.4706      0.0000      0.0000      0.0000
     13.8193      0.0000     10.4496      0.0000      0.0000      0.0000
    -13.3550     26.9294     46.5148      0.0000      0.0000      0.0000
      4.1941     22.4762     23.2105      0.0000      0.0000      0.0000
      7.2914    -27.1176     18.9395      0.0000      0.0000      0.0000
      5.5703     64.4331     21.1069      0.0000      0.0000      0.0000
     28.3922    -39.5489     -8.9504      0.0000      0.0000      0.0000
     31.1370     39.2170    -12.9006      0.0000      0.0000      0.0000
     -7.5727     -4.5920     38.7748      0.0000      0.0000      0.0000
     85.1663    -18.0809    -98.7963      1.6165      0.0000      0.0000
     62.3919    -14.7062    -67.9640      0.0000      0.0000      0.0000
     30.6890    160.2825    -24.6265      1.9960      0.0000      0.0000
    -80.2937   -150.7465    127.3269      0.0000      0.0000      0.0000
     74.1123    -29.5056    -83.8830      1.9471      0.0000      0.0000
     69.3955      6.5871    -77.5920      0.0000      0.0000      0.0000
     74.3951    -12.8426    -84.3780      1.4463      0.0000      0.0000
      0.0000      0.0000      0.0000      0.0000      0.0000      0.0000
