#Fitted antenna positions - Mon Jun 27 05:28:27 2011                            
    184.4308   -113.3788   -216.9099      1.3488      0.0000      0.0000
    -31.3814    116.2503     71.6893     -0.7853      0.0000      0.0000
     -8.9827   -200.0830     44.9112     -1.8999      0.0000      0.0000
    -73.6819   -150.8775    132.3853     -2.2207      0.0000      0.0000
   -109.4968    -96.6341    179.6771     -2.4224      0.0000      0.0000
     17.5079    142.1673      6.4799     -3.0531      0.0000      0.0000
     14.9109    -68.1385      9.5152     -1.9594      0.0000      0.0000
     13.7854      0.0000     10.4942      0.0000      0.0000      0.0000
    -13.3917     26.9283     46.5593      1.1847      0.0000      0.0000
     47.1735     -8.0384    -34.3135     -1.2629      0.0000      0.0000
    103.0856   -146.4647   -108.0750      1.7096      0.0000      0.0000
     49.5888    -65.7066    -37.3359      0.9232      0.0000      0.0000
     28.3583    -39.5503     -8.9049     -1.8528      0.0000      0.0000
     78.5203     76.9474    -76.6638     -2.1899      0.0000      0.0000
     36.6771   -139.7991    -18.7542     -2.2888      0.0000      0.0000
     85.1320    -18.0826    -98.7505      0.8447      0.0000      0.0000
     62.3753    -14.7059    -67.9396     -1.7780      0.0000      0.0000
     30.6548    160.2814    -24.5832      2.2462      0.0000      0.0000
    -47.2141    -85.0491     80.3756      0.6615      0.0000      0.0000
     60.6075     10.2187    -65.4542     -0.7325      0.0000      0.0000
     69.3619      6.5854    -77.5461     -1.6188      0.0000      0.0000
     74.3611    -12.8444    -84.3325      0.4199      0.0000      0.0000
     78.1058      4.5974    -89.6758      0.4291      0.0000      0.0000