#Fitted antenna positions - Thu Jan  7 00:36:23 2010                            
    -40.4170   -755.1605    106.1968      0.0000      0.0000      0.0000
    383.6417  -1580.0265   -329.8443     -1.1251      0.0000      0.0000
    549.2939    373.9836   -698.0922     -3.9674      0.0000      0.0000
  -1189.9668   -788.9388   1665.3057      0.1217      0.0000      0.0000
   -566.8504    642.2402    788.7620     -3.4108      0.0000      0.0000
   -183.8856   -980.4374    318.1902     -1.6509      0.0000      0.0000
   -696.8307   -523.2425   1037.7255     -0.9501      0.0000      0.0000
   -196.7717  -1521.4502    416.5642      1.8744      0.0000      0.0000
    369.2758   -738.8173   -429.3014      1.7351      0.0000      0.0000
    237.0718   -399.3065   -287.5387     -3.4293      0.0000      0.0000
   -356.8802   -526.7561    520.1223     -0.9266      0.0000      0.0000
    -73.9632   -150.6995    131.9115     -0.8648      0.0000      0.0000
   -429.4326   -944.0099    645.8541      2.8029      0.0000      0.0000
    133.5384  -1141.9292    -93.8697     -0.5910      0.0000      0.0000
    103.2323   -146.5994   -108.1229     -1.2020      0.0000      0.0000
      0.0000      0.0000      0.0000      0.0000      0.0000      0.0000
      0.0000      0.0000      0.0000      0.0000      0.0000      0.0000
      0.0000      0.0000      0.0000      0.0000      0.0000      0.0000
      0.0000      0.0000      0.0000      0.0000      0.0000      0.0000
      0.0000      0.0000      0.0000      0.0000      0.0000      0.0000
      0.0000      0.0000      0.0000      0.0000      0.0000      0.0000
      0.0000      0.0000      0.0000      0.0000      0.0000      0.0000
      0.0000      0.0000      0.0000      0.0000      0.0000      0.0000
