#Fitted antenna positions - Mon Oct  1 14:50:44 2012                            
     50.2181    -65.8468    -36.9758      0.0910      0.0000      0.0000
     37.2486   -139.8928    -18.1531      0.0000      0.0000      0.0000
    -36.6736     77.7108     79.2045      0.0000      0.0000      0.0000
    -57.0893    -64.8133    107.4513      0.0000      0.0000      0.0000
    -52.6291     20.0009    100.9628      0.0000      0.0000      0.0000
     79.0843     76.9918    -76.3091      0.0000      0.0000      0.0000
     14.9811    -68.1227      9.4555      0.0000      0.0000      0.0000
     13.8587     -0.0964     10.4241      0.0000      0.0000      0.0000
    -13.3470     26.9260     46.5346      0.0000      0.0000      0.0000
      7.3014    -27.1210     18.9407      0.0000      0.0000      0.0000
      5.5973     64.4484     21.1123      0.0000      0.0000      0.0000
     31.1270     39.2456    -12.9153      0.0000      0.0000      0.0000
     28.4006    -39.5326     -8.9273      0.0000      0.0000      0.0000
      4.2309     22.4824     23.2566      0.0000      0.0000      0.0000
     -7.5383     -4.5619     38.7627      0.0000      0.0000      0.0000
     85.1828    -18.0690    -98.7824     -0.3482      0.0000      0.0000
     62.4230    -14.6875    -67.9734      0.0000      0.0000      0.0000
     96.9962   -146.3781   -112.8096      0.0000      0.0000      0.0000
    -22.5596    -99.4178     47.8139     -0.3180      0.0000      0.0000
     74.1323    -29.4908    -83.8745     -0.2104      0.0000      0.0000
     69.4110      6.5979    -77.5791      0.0000      0.0000      0.0000
     74.4119    -12.8311    -84.3654      1.4593      0.0000      0.0000
     78.1533      4.6074    -89.7052      2.3328      0.0000      0.0000
