#Fitted antenna positions - Sun Oct 20 11:03:11 2013                            
   -103.8192    291.9478    169.9503      0.0000      0.0000      0.0000
    439.6440   -242.5802   -562.0794      0.0000      0.0000      0.0000
     -8.9709   -199.9454     44.8050      0.0000      0.0000      0.0000
     32.5660    376.8457     10.0621      0.0000      0.0000      0.0000
    237.4933   -399.0599   -287.2544      0.0000      0.0000      0.0000
   -296.7155   -223.4419    438.5021      0.0000      0.0000      0.0000
    247.2174    -70.0209   -304.3448      0.0000      0.0000      0.0000
     13.8086     -0.0034     10.3637      0.0000      0.0000      0.0000
     69.5245   -332.4154    -61.0150      0.0000      0.0000      0.0000
    -43.0641   -466.4288     91.4780      0.0000      0.0000      0.0000
     49.5911    -65.6049    -37.4280      0.0000      0.0000      0.0000
    -37.2321     78.0247     78.7756      0.0000      0.0000      0.0000
    186.2020    212.6576   -199.5563      0.0000      0.0000      0.0000
     78.5123     77.0685    -76.7481      0.0000      0.0000      0.0000
   -209.0013   -359.9362    317.5277      0.0000      0.0000      0.0000
     85.1458    -17.9609    -98.8615      0.0000      0.0000      0.0000
     62.3837    -14.5772    -68.0511     -1.0761      0.0000      0.0000
     96.9365   -146.2445   -112.8582      2.4719      0.0000      0.0000
    -22.5877    -99.3086     47.7222      2.3014      0.0000      0.0000
     74.0960    -29.3822    -83.9538     -2.0760      0.0000      0.0000
     69.3712      6.7029    -77.6487     -3.2652      0.0000      0.0000
     74.3762    -12.7192    -84.4446     -0.0915      0.0000      0.0000
     78.1168      4.7154    -89.7838     -0.6011      0.0000      0.0000
