#Fitted antenna positions - Wed Oct  3 14:36:04 2012                            
    184.4927   -113.5069   -216.9609      0.0000      0.0000      0.0000
     -8.7976   -200.2270     44.9203      0.0000      0.0000      0.0000
    -31.4003    115.9111     71.5295      0.0000      0.0000      0.0000
    -73.6082   -150.9997    132.3181      0.0000      0.0000      0.0000
   -109.4145    -96.7562    179.5992      0.0000      0.0000      0.0000
     17.5548    141.9897      6.4473      0.0000      0.0000      0.0000
     15.0003    -68.2856      9.4256      0.0000      0.0000      0.0000
     13.8804     -0.2597     10.3951      0.0000      0.0000      0.0000
    -13.3280     26.7631     46.5047      0.0000      0.0000      0.0000
     36.6672   -139.9861    -18.7110      0.0000      0.0000      0.0000
     49.6760    -65.8467    -37.4144      0.0000      0.0000      0.0000
     31.1478     39.0826    -12.9446      0.0000      0.0000      0.0000
     28.4205    -39.6956     -8.9568      0.0000      0.0000      0.0000
     78.5893     76.7942    -76.7252      0.0000      0.0000      0.0000
    -57.6401    -65.0244    107.1184      0.0000      0.0000      0.0000
     85.2017    -18.2319    -98.8128      0.0000      0.0000      0.0000
     60.6659     10.0643    -65.5240      0.0000      0.0000      0.0000
     97.0171   -146.5413   -112.8388      0.0000      0.0000      0.0000
    -22.5401    -99.5809     47.7839      0.0000      0.0000      0.0000
     74.1516    -29.6540    -83.9046      0.0000      0.0000      0.0000
     92.0792      7.3618   -108.1651      0.0000      0.0000      0.0000
     62.4449    -14.8473    -67.9810      2.0503      0.0000      0.0000
     78.1722      4.4442    -89.7348      0.0000      0.0000      0.0000
