#Fitted antenna positions - Fri Jan 24 18:00:11 2014                            
    184.4581   -113.2467   -216.9192      1.5357      0.0000      0.0000
    -31.4040    116.3314     71.7584      0.9692      0.0000      0.0000
     -8.9590   -199.9644     44.9119     -0.8701      0.0000      0.0000
     17.5264    142.0845      6.4501      0.3256      0.0000      0.0000
   -109.4652    -96.4840    179.6694      0.1237      0.0000      0.0000
    -73.7149   -150.5576    132.4950      0.0194      0.0000      0.0000
     14.9429    -68.0085      9.4984      0.0000      0.0000      0.0000
     13.8299      0.0000     10.4576      0.0000      0.0000      0.0000
    -13.4060     27.0102     46.6049     -0.9035      0.0000      0.0000
     36.5819   -139.7463    -18.5981     -0.5050      0.0000      0.0000
     49.5781    -65.6204    -37.2870     -0.0275      0.0000      0.0000
     31.1042     39.2310    -12.8879      0.0000      0.0000      0.0000
     28.3584    -39.4183     -8.8758      0.3811      0.0000      0.0000
    -57.7291    -64.6190    107.3066     -0.1052      0.0000      0.0000
     78.4625     76.9935    -76.6270     -0.8924      0.0000      0.0000
     85.1336    -17.9762    -98.7204     -0.1238      0.0000      0.0000
     62.3685    -14.5934    -67.9054      0.1220      0.0000      0.0000
     96.9244   -146.2596   -112.7173     -0.0682      0.0000      0.0000
    -22.6000    -99.3232     47.8630     -0.0323      0.0000      0.0000
     74.0819    -29.3982    -83.8096     -0.1637      0.0000      0.0000
     69.3586      6.6873    -77.5084     -0.0834      0.0000      0.0000
     74.3632    -12.7351    -84.3015     -0.0562      0.0000      0.0000
     78.1051      4.6999    -89.6437      0.0311      0.0000      0.0000
