#Fitted antenna positions - After snow (Jan. 5)
    383.5870  -1580.0557   -329.8596      0.0000      0.0000      0.0000
   -196.1775  -1521.5128    417.0018      0.0000      0.0000      0.0000
    369.7750   -738.8895   -428.9861      0.0000      0.0000      0.0000
  -1189.9845   -788.9489   1665.3052      0.0000      0.0000      0.0000
   -566.8469    642.1700    788.7241     -0.2355      0.0000      0.0000
    549.3406    373.9374   -698.1160      0.0000      0.0000      0.0000
   -696.8308   -523.3155   1037.7097      0.0000      0.0000      0.0000
   -429.3889   -944.0546    645.7946      0.0000      0.0000      0.0000
   -184.3203   -980.4965    317.7085      0.0000      0.0000      0.0000
    107.0653    -35.5399   -114.5616      0.0000      0.0000      0.0000
   -356.8940   -526.8282    520.1163      0.0000      0.0000      0.0000
    209.4269   -696.0851   -209.1558      0.0000      0.0000      0.0000
    -73.9781   -150.7769    131.8967      0.0000      0.0000      0.0000
    133.5765  -1141.9352    -93.9401      0.0000      0.0000      0.0000
    -40.9423   -755.2270    105.6999      0.0000      0.0000      0.0000
