#Fitted antenna positions - Mon Oct 13 14:09:02 2008                            
   -296.5085   -223.7065    438.5666      0.0000      0.0000      0.0000
    237.6916   -399.3655   -287.1172      2.0345      0.0000      0.0000
     -8.8382   -200.2448     44.8760      1.4189      0.0000      0.0000
    439.6975   -242.8383   -562.0925      0.0000      0.0000      0.0000
   -103.7310    291.5944    170.0035     -1.0947      0.0000      0.0000
     32.6921    376.5371     10.1759     -3.0337      0.0000      0.0000
    247.2829    -70.3708   -304.1889      2.5144      0.0000      0.0000
     13.9345     -0.1149     10.4488      0.0000      0.0000      0.0000
     49.7611    -65.8303    -37.3809     -2.9591      0.0000      0.0000
     78.6662     76.8009    -76.7711      1.7598      0.0000      0.0000
    186.3741    212.3536   -199.5129      1.3261      0.0000      0.0000
    -42.8710   -466.8028     91.4772      0.7065      0.0000      0.0000
    103.2155   -146.6322   -108.1105     -0.2363      0.0000      0.0000
   -208.7349   -360.1892    317.4989     -0.9964      0.0000      0.0000
     69.6923   -332.7032    -61.0250      1.9066      0.0000      0.0000
