#Fitted antenna positions - Mon Mar 12 06:44:54 2012                            
   -103.7845    291.8388    170.0298      0.0000      0.0000      0.0000
     -8.8149   -200.0585     44.9466      0.0000      0.0000      0.0000
    439.5762   -242.6579   -562.0756      0.0000      0.0000      0.0000
     32.5939    376.7296     10.1514      1.5145      0.0000      0.0000
    237.5183   -399.2016   -287.1554      0.0000      0.0000      0.0000
   -296.6688   -223.5311    438.5625      0.0000      0.0000      0.0000
    247.2222    -70.1606   -304.2262      0.0000      0.0000      0.0000
     13.8600     -0.0944     10.4243      0.5634      0.0000      0.0000
     69.5873   -332.5222    -60.9684      0.0000      0.0000      0.0000
    -42.9972   -466.5913     91.5178      0.0000      0.0000      0.0000
     49.6763    -65.8470    -37.4140      0.0000      0.0000      0.0000
    103.1283   -146.3050   -108.1063      0.0000      0.0000      0.0000
    186.2683    212.5416   -199.5139      0.0000      0.0000      0.0000
     78.5678     76.9398    -76.6949      0.0000      0.0000      0.0000
   -208.9337   -360.0514    317.5688     -1.4076      0.0000      0.0000
     85.1617    -18.0897    -98.7762      0.0000      0.0000      0.0000
     62.4022    -14.7098    -67.9667      0.0000      0.0000      0.0000
     30.6836    160.2710    -24.6097      0.0000      0.0000      0.0000
    -47.1875    -85.0530     80.3551      0.0000      0.0000      0.0000
     60.6473     10.2090    -65.4786      0.0000      0.0000      0.0000
     92.0399      7.5082   -108.1282      0.0000      0.0000      0.0000
     74.0938    -29.5249    -83.8539      0.0000      0.0000      0.0000
     78.1333      4.5860    -89.6998      0.0000      0.0000      0.0000
