#Fitted antenna positions - solution after Mar. 9, 2008
     17.6390    141.7968      6.5115      4.1125      0.0000      0.0000
    -31.2179    115.8501     71.5899      1.0540      0.0000      0.0000
     -8.8353   -200.2481     44.8426      2.0951      0.0000      0.0000
    -73.5436   -151.0117    132.3264     -3.4103      0.0000      0.0000
    184.5429   -113.5923   -217.0249     -1.2274      0.0000      0.0000
   -109.2992    -96.7074    179.5450      3.7012      0.0000      0.0000
     36.8556   -140.0828    -18.8132      0.0000      0.0000      0.0000
     13.9281     -0.1170     10.4285      2.8363      0.0000      0.0000
     49.7435    -65.8421    -37.3906      0.0000      0.0000      0.0000
    107.0532    -35.5362   -114.5691      0.3091      0.0000      0.0000
     15.0404    -68.3143      9.4392     -0.0425      0.0000      0.0000
    103.2331   -146.6437   -108.1587      0.0000      0.0000      0.0000
     28.5025    -39.5243     -8.9698      2.3364      0.0000      0.0000
     47.3547     -8.2033    -34.3654      2.6759      0.0000      0.0000
     78.6242     76.7686    -76.7507      3.0895      0.0000      0.0000
