#Fitted antenna positions - Tue Jun 16 17:51:19 2009                            
     47.8708     -8.1667    -33.9109     -1.1314      0.0000      0.0000
    -36.5050     77.7540     79.3289      3.0679      0.0000      0.0000
    -15.9175    -99.4411     52.9502      1.4937      0.0000      0.0000
     58.1892     41.7303    -48.1120     -0.6358      0.0000      0.0000
    -56.9994    -65.0572    107.4939     -2.1472      0.0000      0.0000
    -52.5399     20.0234    100.9743      1.5738      0.0000      0.0000
      7.5392    -27.2801     18.8025      1.3015      0.0000      0.0000
     13.6779     -0.5385     10.7859      0.0000      0.0000      0.0000
      4.2794     22.2963     23.2961      2.6838      0.0000      0.0000
     -7.5288     -4.8073     38.8806     -1.2002      0.0000      0.0000
      5.6847     64.2686     21.1210      1.8148      0.0000      0.0000
     15.0668    -68.2613      9.4390      0.2286      0.0000      0.0000
     28.5617    -39.4359     -9.0028      1.5991      0.0000      0.0000
     31.2423     39.0864    -12.8772      2.3598      0.0000      0.0000
    -13.2743     26.7780     46.5288      2.3247      0.0000      0.0000
