#Fitted antenna positions - Tue Nov  4 10:49:23 2008                            
   -296.5101   -223.7074    438.5649      0.2104      0.0000      0.0000
    237.6900   -399.3651   -287.1186      2.3226      0.0000      0.0000
     -8.8392   -200.2448     44.8759     -0.0526      0.0000      0.0000
    439.7024   -242.8330   -562.0932      1.4163      0.0000      0.0000
   -103.7317    291.5936    170.0023      3.0856      0.0000      0.0000
     32.6908    376.5366     10.1747     -2.1781      0.0000      0.0000
    247.2821    -70.3705   -304.1887      2.3567      0.0000      0.0000
     13.9345     -0.1149     10.4488      0.0000      0.0000      0.0000
     49.7592    -65.8304    -37.3818      0.6039      0.0000      0.0000
     78.6651     76.8017    -76.7714     -0.2644      0.0000      0.0000
    186.3724    212.3534   -199.5135     -0.0894      0.0000      0.0000
    -42.8716   -466.8025     91.4772     -0.7393      0.0000      0.0000
    103.2137   -146.6316   -108.1109     -0.2152      0.0000      0.0000
   -208.7354   -360.1896    317.4993     -2.7663      0.0000      0.0000
     69.6911   -332.7021    -61.0252      2.8313      0.0000      0.0000
