#Fitted antenna positions - Sat Mar 16 17:46:41 2013                            
    184.4243   -113.2464   -216.9659      0.0000      0.0000      0.0000
    -31.3854    116.1828     71.6391      0.0000      0.0000      0.0000
     -9.0427   -199.7766     44.9309      0.0000      0.0000      0.0000
    -73.7038   -150.7251    132.3526      0.0000      0.0000      0.0000
   -109.5167    -96.4771    179.6432      0.0000      0.0000      0.0000
     17.4586    142.2684      6.4813      0.0000      0.0000      0.0000
     14.9193    -67.9965      9.4358      0.0000      0.0000      0.0000
     13.7837      0.0031     10.4258      0.0000      0.0000      0.0000
    -13.4113     27.0488     46.5187      0.0000      0.0000      0.0000
     36.5651   -139.7050    -18.6724     -2.2690      0.0000      0.0000
     49.5989    -65.7302    -37.4102      0.0000      0.0000      0.0000
     31.0537     39.3481    -12.9150      0.0000      0.0000      0.0000
     28.3456    -39.3886     -8.9540      0.0000      0.0000      0.0000
     78.4906     77.0901    -76.6899     -0.5052      0.0000      0.0000
    -57.7059    -64.7355    107.1113     -0.4093      0.0000      0.0000
     85.1196    -17.9555    -98.7992      0.0000      0.0000      0.0000
     62.3572    -14.5756    -67.9834      0.0000      0.0000      0.0000
     96.9095   -146.2400   -112.7968     -0.7393      0.0000      0.0000
    -22.6132    -99.3027     47.7850     -0.5417      0.0000      0.0000
     74.0690    -29.3775    -83.8920      0.0000      0.0000      0.0000
     69.3476      6.7142    -77.5938      0.0000      0.0000      0.0000
     74.3492    -12.7260    -84.3821      0.0000      0.0000      0.0000
     78.0910      4.7199    -89.7215      0.0000      0.0000      0.0000
