#Fitted antenna positions - Tue Aug 28 09:52:20 2012                            
     50.2174    -65.8466    -36.9762     -0.0161      0.0000      0.0000
     37.2484   -139.8926    -18.1531      0.1169      0.0000      0.0000
    -36.6746     77.7113     79.2039     -0.1242      0.0000      0.0000
    -57.0900    -64.8127    107.4507      0.0000      0.0000      0.0000
    -52.6295     20.0018    100.9621      0.0000      0.0000      0.0000
     79.0834     76.9923    -76.3089     -0.1112      0.0000      0.0000
     14.9817    -68.1219      9.4552      3.4331      0.0000      0.0000
     13.8592     -0.0957     10.4238      0.0000      0.0000      0.0000
    -13.3471     26.9264     46.5348      0.2954      0.0000      0.0000
      7.3029    -27.1207     18.9412      0.2273      0.0000      0.0000
      5.5973     64.4484     21.1123      0.0000      0.0000      0.0000
     31.1278     39.2460    -12.9150      3.4593      0.0000      0.0000
     28.4018    -39.5322     -8.9267     -0.2934      0.0000      0.0000
      4.2324     22.4837     23.2569      0.0000      0.0000      0.0000
     -7.5380     -4.5614     38.7632     -0.2941      0.0000      0.0000
     85.1812    -18.0680    -98.7825      0.7384      0.0000      0.0000
     62.4241    -14.6872    -67.9720     -0.7125      0.0000      0.0000
     96.9961   -146.3773   -112.8095      0.4134      0.0000      0.0000
    -22.5617    -99.4164     47.8128      1.1267      0.0000      0.0000
     74.1325    -29.4913    -83.8742     -1.0733      0.0000      0.0000
     69.4121      6.5974    -77.5784     -1.8330      0.0000      0.0000
     74.4130    -12.8316    -84.3650     -1.6742      0.0000      0.0000
     78.1510      4.6073    -89.7071      0.0000      0.0000      0.0000
