#Fitted antenna positions - Thu Aug 15 12:23:56 2013                            
     50.1663    -65.7115    -37.0137     -1.4129      0.0000      0.0000
    -36.6240     77.8505     79.2578      0.4832      0.0000      0.0000
     37.0558   -139.7854    -18.2262      0.5405      0.0000      0.0000
    -57.2028    -64.7613    107.4998      0.3726      0.0000      0.0000
    -52.6900     20.1066    100.9410      0.3570      0.0000      0.0000
     79.0098     77.0778    -76.3117      0.6424      0.0000      0.0000
     14.9097    -68.0279      9.4476      0.1224      0.0000      0.0000
     13.7810      0.0031     10.4274      0.0000      0.0000      0.0000
    -13.4138     27.0439     46.5211     -1.1528      0.0000      0.0000
      7.2484    -27.0043     18.9124      1.9520      0.0000      0.0000
      5.5220     64.5450     21.1122      0.0000      0.0000      0.0000
     31.0474     39.3497    -12.9068      0.0000      0.0000      0.0000
     28.3366    -39.4005     -8.9422      0.0134      0.0000      0.0000
      4.1652     22.6042     23.2455      2.5534      0.0000      0.0000
     -7.5914     -4.4399     38.7348      0.1576      0.0000      0.0000
     85.1187    -17.9555    -98.7989     -0.0659      0.0000      0.0000
     60.5830     10.3243    -65.5094      0.1484      0.0000      0.0000
     96.9101   -146.2396   -112.7949     -1.8406      0.0000      0.0000
    -22.6142    -99.3036     47.7856      2.0271      0.0000      0.0000
     74.0695    -29.3773    -83.8904     -0.1237      0.0000      0.0000
     91.9957      7.6454   -108.1542     -0.0559      0.0000      0.0000
     62.3610    -14.5675    -67.9664     -0.2291      0.0000      0.0000
     78.0900      4.7209    -89.7207      2.4048      0.0000      0.0000
