#Fitted antenna positions - Wed Apr  4 18:30:59 2012                            
    184.4903   -113.3327   -216.9563     -0.3634      0.0000      0.0000
     -8.8158   -200.0583     44.9455     -2.4803      0.0000      0.0000
    -31.4520    116.2481     71.5952      0.0860      0.0000      0.0000
    -73.6070   -150.8394    132.3167     -2.9758      0.0000      0.0000
   -109.4601    -96.6014    179.6611      1.6319      0.0000      0.0000
     17.5500    142.1614      6.4551      2.0644      0.0000      0.0000
     14.9801    -68.1215      9.4540      0.2053      0.0000      0.0000
     13.8600     -0.0944     10.4243      0.0000      0.0000      0.0000
    -13.3487     26.9267     46.5341     -0.6857      0.0000      0.0000
     36.7278   -139.7417    -18.7862     -2.2696      0.0000      0.0000
     49.6760    -65.8467    -37.4144      0.1071      0.0000      0.0000
     31.1273     39.2459    -12.9152     -1.0228      0.0000      0.0000
     28.4000    -39.5318     -8.9287      1.0977      0.0000      0.0000
     78.5678     76.9400    -76.6948     -1.6200      0.0000      0.0000
    -57.6497    -64.7005    107.1365      0.0467      0.0000      0.0000
     85.1617    -18.0897    -98.7762      0.0000      0.0000      0.0000
     62.4022    -14.7098    -67.9667      0.0000      0.0000      0.0000
     30.6836    160.2710    -24.6097      0.0000      0.0000      0.0000
    -47.1875    -85.0530     80.3551      0.0000      0.0000      0.0000
     60.6473     10.2090    -65.4786      0.0000      0.0000      0.0000
     92.0399      7.5082   -108.1282      0.0000      0.0000      0.0000
     74.0938    -29.5249    -83.8539      0.0000      0.0000      0.0000
     78.1333      4.5860    -89.6998      0.0000      0.0000      0.0000
