#Fitted antenna positions - Sun May 12 23:51:58 2013                            
   -103.8634    291.9525    170.0374      0.1512      0.0000      0.0000
    439.6266   -242.5524   -562.0254      0.0643      0.0000      0.0000
     -9.0451   -199.7772     44.9297      0.6829      0.0000      0.0000
     32.5098    376.8104     10.1642      0.4345      0.0000      0.0000
    237.4554   -399.0791   -287.1753      0.4573      0.0000      0.0000
   -296.7269   -223.4196    438.5423      0.3811      0.0000      0.0000
    247.1835    -70.0529   -304.2765      1.4086      0.0000      0.0000
     13.7829      0.0022     10.4260      1.2358      0.0000      0.0000
     69.5461   -332.4160    -61.0137     -1.0436      0.0000      0.0000
    -43.0809   -466.4673     91.5264      2.2995      0.0000      0.0000
     49.5989    -65.7302    -37.4102      0.0000      0.0000      0.0000
    -37.2500     78.0285     78.8245     -0.5000      0.0000      0.0000
    186.2357    212.6778   -199.5688     -0.0865      0.0000      0.0000
     78.4902     77.0890    -76.6900      1.0498      0.0000      0.0000
   -209.0099   -359.9225    317.5686      0.4108      0.0000      0.0000
     85.1195    -17.9558    -98.7993      0.1118      0.0000      0.0000
     62.3540    -14.5757    -67.9796      1.5964      0.0000      0.0000
     96.9099   -146.2396   -112.7963     -0.9268      0.0000      0.0000
    -22.6140    -99.3032     47.7849      0.0918      0.0000      0.0000
     74.0695    -29.3774    -83.8916     -0.0577      0.0000      0.0000
     69.3480      6.7143    -77.5929      0.0695      0.0000      0.0000
     74.3488    -12.7268    -84.3807      1.2662      0.0000      0.0000
     78.0911      4.7205    -89.7214      1.4883      0.0000      0.0000
