#Fitted antenna positions - Sat Feb 21 22:07:33 2009                            
     17.6513    142.0170      6.5380     11.4531      0.0000      0.0000
    -31.2143    115.9016     71.6284     25.2962      0.0000      0.0000
    850.7819  -4527.3301   -829.6940      0.0000      0.0000      0.0000
    -73.5609   -150.9963    132.3915      0.0761      0.0000      0.0000
    103.7625   -146.6371   -107.7103      3.6068      0.0000      0.0000
   -109.3443    -96.7323    179.6414      1.5681      0.0000      0.0000
     36.8596   -140.0437    -18.7882     -0.7498      0.0000      0.0000
     13.6788     -0.5397     10.7844      0.0000      0.0000      0.0000
     28.6012    -39.7471     -9.0298      3.2755      0.0000      0.0000
    -13.0881     26.7419     46.2882      1.2255      0.0000      0.0000
     49.7712    -65.9877    -37.4117     -0.3112      0.0000      0.0000
    184.0263   -113.5020   -217.3965     -1.7060      0.0000      0.0000
     15.0151    -68.2655      9.4959     -0.1782      0.0000      0.0000
     47.3695     -8.2059    -34.3467     -2.0243      0.0000      0.0000
     78.6134     76.7747    -76.6975      2.0869      0.0000      0.0000
