#Fitted antenna positions - Wed Aug  6 15:22:56 2014                            
     50.2044    -65.7461    -36.9664     -0.0023      0.0000      0.0000
    -36.5708     77.8211     79.2885      0.0082      0.0000      0.0000
     37.0828   -139.8109    -18.1646     -0.0067      0.0000      0.0000
     78.9856     77.0507    -76.2240      0.1432      0.0000      0.0000
    -52.6430     20.0768    100.9741      0.1175      0.0000      0.0000
    -57.1493    -64.7681    107.5549      0.0000      0.0000      0.0000
     14.9406    -68.0555      9.5017      0.0000      0.0000      0.0000
     13.8299      0.0000     10.4576      0.0000      0.0000      0.0000
    -13.4320     27.0242     46.6382      0.0076      0.0000      0.0000
      7.2560    -27.0621     18.9968      0.0000      0.0000      0.0000
      5.5056     64.5383     21.2298     -0.0003      0.0000      0.0000
     31.1243     39.1834    -12.9135      0.0029      0.0000      0.0000
     28.3847    -39.4604     -8.9130     -0.0045      0.0000      0.0000
     -7.5041     -4.4632     38.7806      0.0104      0.0000      0.0000
      4.1304     22.5887     23.3159      0.0016      0.0000      0.0000
     85.1323    -17.9734    -98.7213      0.0027      0.0000      0.0000
     60.5984     10.3240    -65.4342     -0.4834      0.0000      0.0000
     96.9229   -146.2577   -112.7169      0.2836      0.0000      0.0000
    -22.6018    -99.3226     47.8632     -0.0750      0.0000      0.0000
     74.0809    -29.3948    -83.8103     -0.2203      0.0000      0.0000
     92.0118      7.6320   -108.0734      0.5217      0.0000      0.0000
     62.3924    -14.5985    -67.4169      0.5898      0.0000      0.0000
     78.1009      4.7031    -89.6451     -0.1360      0.0000      0.0000
