#Fitted antenna positions - Mon Jun 23 16:18:14 2014                            
     50.2090    -65.7486    -36.9659     -4.6980      0.0000      0.0000
    -36.5688     77.8394     79.3819     -1.1246      0.0000      0.0000
     37.0960   -139.8030    -18.4438     -2.7751      0.0000      0.0000
     78.9920     77.0493    -76.3335     -2.3671      0.0000      0.0000
    -52.6402     20.0780    101.0038      3.3379      0.0000      0.0000
    -57.1479    -64.7620    107.5870     -1.9189      0.0000      0.0000
     14.9401    -68.0560      9.5008      0.0000      0.0000      0.0000
     13.8299     -0.0000     10.4576      0.0000      0.0000      0.0000
    -13.4328     27.0237     46.6391      0.0000      0.0000      0.0000
      7.2472    -27.0559     18.9994      2.4698      0.0000      0.0000
      5.4676     64.5403     21.0075      7.9546      0.0000      0.0000
     31.1234     39.1830    -12.9123      0.0000      0.0000      0.0000
     28.3846    -39.4611     -8.9130      0.0000      0.0000      0.0000
     -7.5044     -4.4533     38.7774      0.2930      0.0000      0.0000
      4.1009     22.5975     23.2234      1.1277      0.0000      0.0000
     85.1328    -17.9748    -98.7212      0.0000      0.0000      0.0000
     62.3688    -14.5915    -67.9119      0.0000      0.0000      0.0000
     96.9236   -146.2582   -112.7179      0.0000      0.0000      0.0000
    -22.6009    -99.3225     47.8624      0.0000      0.0000      0.0000
     74.0819    -29.3967    -83.8101      0.0000      0.0000      0.0000
     69.3577      6.6885    -77.5090      0.0000      0.0000      0.0000
     74.3632    -12.7338    -84.3022      0.0000      0.0000      0.0000
     78.1039      4.7012    -89.6446      0.0000      0.0000      0.0000
