#Fitted antenna positions - Fri Feb 28 16:21:33 2014                            
   -103.8604    291.9526    170.1255      1.8597      0.0000      0.0000
    439.6418   -242.5839   -561.9493      3.4304      0.0000      0.0000
     -8.9590   -199.9642     44.9116     -1.8878      0.0000      0.0000
   -296.7492   -223.4680    438.6344     -0.2103      0.0000      0.0000
    237.4865   -399.0794   -287.1196      0.0990      0.0000      0.0000
     32.5628    376.8381     10.2227     -0.0187      0.0000      0.0000
    247.1868    -70.0870   -304.1867      0.4972      0.0000      0.0000
     13.8299      0.0000     10.4576      0.0000      0.0000      0.0000
     69.5071   -332.4050    -60.8703      0.4776      0.0000      0.0000
    -43.0517   -466.5214     91.5873     -0.2939      0.0000      0.0000
     49.5785    -65.6196    -37.2860      1.5879      0.0000      0.0000
    -37.1902     77.8579     78.8418     -1.3847      0.0000      0.0000
    186.2452    212.6380   -199.4895      1.4870      0.0000      0.0000
   -208.9500   -359.9273    317.6552     -0.1163      0.0000      0.0000
     78.4624     76.9939    -76.6269      0.0000      0.0000      0.0000
     85.1339    -17.9759    -98.7207      0.0000      0.0000      0.0000
     62.3690    -14.5917    -67.9120     -3.9231      0.0000      0.0000
     96.9244   -146.2591   -112.7175      0.0000      0.0000      0.0000
    -22.5994    -99.3231     47.8629      0.0000      0.0000      0.0000
     74.0824    -29.3979    -83.8099      0.0000      0.0000      0.0000
     69.3589      6.6874    -77.5084      0.0000      0.0000      0.0000
     74.3637    -12.7351    -84.3018      0.0000      0.0000      0.0000
     78.1057      4.7000    -89.6438      0.0000      0.0000      0.0000
