#Fitted antenna positions - Tue May 20 15:39:04 2008                            
   -296.5140   -223.6958    438.5612      2.5282      0.0000      0.0000
    237.6877   -399.3805   -287.1169      1.4909      0.0000      0.0000
     -8.8303   -200.2460     44.8591      1.9058      0.0000      0.0000
    439.6985   -242.8385   -562.0912      2.0070      0.0000      0.0000
   -103.7227    291.6117    169.9837      0.7180      0.0000      0.0000
     32.7139    376.5316     10.1396      2.5953      0.0000      0.0000
    247.3278    -70.3670   -304.2439      1.0019      0.0000      0.0000
     13.9347     -0.1150     10.4482      2.3889      0.0000      0.0000
     49.7506    -65.8399    -37.3727      0.2011      0.0000      0.0000
    107.0608    -35.5339   -114.5511     -2.3953      0.0000      0.0000
    186.3964    212.3565   -199.5419      0.2181      0.0000      0.0000
    103.2400   -146.6406   -108.1413      0.0000      0.0000      0.0000
    -42.9036   -466.8008     91.5071     -0.9491      0.0000      0.0000
   -208.7563   -360.1530    317.5215     -1.8807      0.0000      0.0000
     69.6690   -332.6903    -60.9985     -0.1204      0.0000      0.0000
