#Fitted antenna positions - Tue Jan 15 02:23:30 2013                            
    549.1956    373.7030   -697.9933      0.0000      0.0000      0.0000
    383.4429  -1580.3339   -329.7621      0.0000      0.0000      0.0000
   -184.0907   -980.7814    318.2127      0.0000      0.0000      0.0000
  -1190.1597   -789.2439   1665.3545      0.0000      0.0000      0.0000
   -567.0184    641.9324    788.8016      0.0000      0.0000      0.0000
    -40.6040   -755.4855    106.1715      0.0000      0.0000      0.0000
    209.2327   -696.3855   -209.0443      0.0000      0.0000      0.0000
   -196.9698  -1521.7733    416.6252      0.0000      0.0000      0.0000
   -429.5668   -944.3302    645.8674      0.0000      0.0000      0.0000
    -74.1674   -151.1257    131.9764      0.0000      0.0000      0.0000
    369.0934   -739.1176   -429.2706      0.0000      0.0000      0.0000
    103.1669   -146.4587   -108.1255      0.0000      0.0000      0.0000
   -357.1024   -527.0890    520.1959      0.0000      0.0000      0.0000
    133.3919  -1142.1843    -93.8767      0.0000      0.0000      0.0000
   -697.0381   -523.5698   1037.7471      0.0000      0.0000      0.0000
     85.1148    -18.5424    -99.0443      0.7391      0.0000      0.0000
     60.6672     10.0657    -65.5238      0.0000      0.0000      0.0000
     30.6292    159.8292    -24.3156     -1.0463      0.0000      0.0000
    -47.2357    -85.5005     80.3780      1.1638      0.0000      0.0000
     74.0630    -29.9593    -83.9041      0.8603      0.0000      0.0000
     91.9896      7.0578   -108.0800     -0.2141      0.0000      0.0000
     62.3627    -15.1548    -67.7327      0.9375      0.0000      0.0000
     78.0871      4.1375    -89.1737      2.5763      0.0000      0.0000
