#Fitted antenna positions - Sat Apr  9 15:59:23 2011 ARRAY CONFIG: D+SL
#new solutions for SZA SL configuration for C21. No solutions derived for C22 due to pointing issues. Good solutions for all other SZA antennas. C20 used as reference antenna. C21 moved by ~3cms.
    184.8897   -113.2713   -217.5069      0.0000      0.0000      0.0000
    -30.9569    116.1509     71.1408      0.0000      0.0000      0.0000
     -8.5435   -199.9793     44.3426      0.0000      0.0000      0.0000
    -73.2412   -150.7599    131.8146      0.0000      0.0000      0.0000
   -109.0547    -96.5201    179.1057      0.0000      0.0000      0.0000
     17.9027    142.2625      5.9676      0.0000      0.0000      0.0000
     15.3659    -68.0340      8.9232      0.0000      0.0000      0.0000
     13.7854      0.0000     10.4942      0.0000      0.0000      0.0000
    -12.9565     27.0401     45.9956      0.0000      0.0000      0.0000
     47.5686     -7.9170    -34.8261      0.0000      0.0000      0.0000
    103.5236   -146.3607   -108.6447      0.0000      0.0000      0.0000
     50.0267    -65.6032    -37.9053      0.0000      0.0000      0.0000
     28.8503    -39.4316     -9.5448      0.0000      0.0000      0.0000
     78.9585     77.0514    -77.2329      0.0000      0.0000      0.0000
     37.0234   -139.7827    -19.2035      0.0000      0.0000      0.0000
     85.5707    -17.9785    -99.3190     -0.7557      0.0000      0.0000
     62.8143    -14.6027    -68.5086      2.5052      0.0000      0.0000
     31.0932    160.3849    -25.1511      0.3212      0.0000      0.0000
    -46.7744    -84.9453     79.8074      2.7877      0.0000      0.0000
     61.0455     10.3225    -66.0229      0.0000      0.0000      0.0000
     69.8008      6.6890    -78.1147      1.2181      0.0000      0.0000
     74.4661    -12.6721    -84.9169      0.0000      0.0000      0.0000
     78.5442      4.7014    -90.2445      3.4200      0.0000      0.0000
