#Fitted antenna positions - Tue Jan 20 10:20:41 2009                            
   1991.8422  -1241.6721  -2644.4775     -0.8004      0.0000      0.0000
    383.6278  -1580.0782   -329.8431      0.0000      0.0000      0.0000
    850.7850  -4527.3291   -829.6909     -1.8107      0.0000      0.0000
  -1189.9963   -788.9598   1665.3220     -2.5107      0.0000      0.0000
   -566.8505    642.2053    788.7359      1.8319      0.0000      0.0000
    549.2944    373.9631   -698.0533     -1.2727      0.0000      0.0000
    336.7780  -3180.3752   -294.8564     -1.9116      0.0000      0.0000
   -196.8094  -1521.5048    416.5925      0.0000      0.0000      0.0000
    369.2869   -738.8557   -429.3391     -0.2871      0.0000      0.0000
   -952.3734  -1095.3361   1348.2209     -0.4868      0.0000      0.0000
   1645.2078  -2289.8994  -2064.5549      1.8597      0.0000      0.0000
   -725.0352  -3435.0657   1133.9270      3.7383      0.0000      0.0000
  -1235.3508  -4205.0278   1862.7396      2.5087      0.0000      0.0000
   1337.1224   -920.0524  -1742.9369      2.9738      0.0000      0.0000
   -429.4130   -944.0462    645.8010      3.0347      0.0000      0.0000
