#Fitted antenna positions - Tue Feb 14 16:36:09 2012                            
   -103.7816    291.8381    170.0305      1.9617      0.0000      0.0000
     -8.8134   -200.0594     44.9465      0.9510      0.0000      0.0000
    439.5737   -242.6584   -562.0776      0.0000      0.0000      0.0000
     32.5959    376.7266     10.1512      1.4821      0.0000      0.0000
    237.5169   -399.2031   -287.1577     -1.5499      0.0000      0.0000
   -296.6660   -223.5326    438.5635      0.8522      0.0000      0.0000
    247.2213    -70.1597   -304.2277     -0.6071      0.0000      0.0000
     13.8601     -0.0942     10.4243      1.3416      0.0000      0.0000
     69.5872   -332.5224    -60.9686     -0.2337      0.0000      0.0000
      0.0000      0.0000      0.0000      0.0000      0.0000      0.0000
     49.6763    -65.8470    -37.4140      0.0000      0.0000      0.0000
    103.1277   -146.3052   -108.1067      3.1639      0.0000      0.0000
    186.2686    212.5417   -199.5134     -0.3777      0.0000      0.0000
     78.5682     76.9395    -76.6948     -2.1422      0.0000      0.0000
   -208.9331   -360.0514    317.5688      2.0310      0.0000      0.0000
     85.1617    -18.0897    -98.7762      0.0000      0.0000      0.0000
     62.4022    -14.7098    -67.9667      0.0000      0.0000      0.0000
     30.6836    160.2710    -24.6097      0.0000      0.0000      0.0000
    -47.1875    -85.0530     80.3551      0.0000      0.0000      0.0000
     60.6473     10.2090    -65.4786      0.0000      0.0000      0.0000
     92.0399      7.5082   -108.1282      0.0000      0.0000      0.0000
     74.0938    -29.5249    -83.8539      0.0000      0.0000      0.0000
     78.1333      4.5860    -89.6998      0.0000      0.0000      0.0000
