#Fitted antenna positions - Fri Jul 19 19:11:52 2013                            
     50.1683    -65.7110    -37.0122      0.7689      0.0000      0.0000
    -36.6215     77.8511     79.2595      2.1600      0.0000      0.0000
     37.0589   -139.7845    -18.2248      4.8943      0.0000      0.0000
    -57.2007    -64.7614    107.5009     45.6758      0.0000      0.0000
    -52.6879     20.1075    100.9420      0.8192      0.0000      0.0000
     79.0115     77.0785    -76.3115      0.0943      0.0000      0.0000
     14.9104    -68.0277      9.4479     -0.1751      0.0000      0.0000
     13.7810      0.0031     10.4274      0.0000      0.0000      0.0000
    -13.4143     27.0443     46.5212      0.0000      0.0000      0.0000
      7.2494    -27.0036     18.9122     -0.2218      0.0000      0.0000
      5.5220     64.5450     21.1122     -2.9499      0.0000      0.0000
     31.0474     39.3497    -12.9068      0.0000      0.0000      0.0000
     28.3368    -39.3999     -8.9423      0.0000      0.0000      0.0000
      4.1651     22.6046     23.2452     -3.2051      0.0000      0.0000
     -7.5906     -4.4387     38.7354      2.1916      0.0000      0.0000
     85.1182    -17.9552    -98.7988      0.0000      0.0000      0.0000
     60.5842     10.3241    -65.5095      0.0000      0.0000      0.0000
     96.9106   -146.2392   -112.7942      0.0000      0.0000      0.0000
    -22.6142    -99.3033     47.7859      0.0000      0.0000      0.0000
     74.0687    -29.3769    -83.8906      0.0000      0.0000      0.0000
     91.9977      7.6448   -108.1529      0.0000      0.0000      0.0000
     62.3592    -14.5685    -67.9662      0.0000      0.0000      0.0000
     78.0895      4.7212    -89.7209      0.0000      0.0000      0.0000
