#Fitted antenna positions - Sat Jul  9 20:43:59 2011                            
     50.2148    -65.8507    -37.0047      0.0000      0.0000      0.0000
     37.2705   -139.8776    -18.2138      0.0000      0.0000      0.0000
    -15.9618    -99.5172     52.8467      0.0000      0.0000      0.0000
    -36.6674     77.7074     79.1978      0.0000      0.0000      0.0000
    -52.6614     20.1442    100.9728      0.0000      0.0000      0.0000
    -57.1442    -64.8754    107.5252      0.0000      0.0000      0.0000
     14.9475    -68.1370      9.4709      0.0000      0.0000      0.0000
     13.8193      0.0000     10.4496      0.0000      0.0000      0.0000
    -13.3555     26.9294     46.5149      0.0000      0.0000      0.0000
      4.4776     22.3744     21.8408      0.0000      0.0000      0.0000
      7.2926    -27.1172     18.9404      0.0000      0.0000      0.0000
      5.5703     64.4334     21.1072      0.0000      0.0000      0.0000
     28.3940    -39.5489     -8.9494      0.0000      0.0000      0.0000
     31.1386     39.2175    -12.8991      0.0000      0.0000      0.0000
     -7.5716     -4.5918     38.7753      0.0000      0.0000      0.0000
     85.1487    -18.0831    -98.7757      0.0000      0.0000      0.0000
     62.3919    -14.7062    -67.9640     -0.4004      0.0000      0.0000
     30.6700    160.2797    -24.6083      0.0000      0.0000      0.0000
    -80.3114   -150.7474    127.3480      1.2512      0.0000      0.0000
     74.0947    -29.5078    -83.8624      1.8462      0.0000      0.0000
     69.3780      6.5848    -77.5720      0.0000      0.0000      0.0000
     74.3774    -12.8448    -84.3578      0.0000      0.0000      0.0000
     78.1222      4.5968    -89.7003      0.0000      0.0000      0.0000