#Fitted antenna positions - Mon Nov 15 15:23:59 2010                            
    439.7197   -242.7938   -561.9850     -1.6750      0.0000      0.0000
   -103.6576    291.6670    170.0745     -1.1682      0.0000      0.0000
     -8.8398   -200.2311     44.8938     -2.6845      0.0000      0.0000
     32.6880    376.5496     10.1651      1.1323      0.0000      0.0000
    237.6169   -399.3421   -287.1547     -1.7674      0.0000      0.0000
   -296.5820   -223.6949    438.5861      0.3024      0.0000      0.0000
    247.3114    -70.3252   -304.2121      4.8311      0.0000      0.0000
     13.8950     -0.2260     10.5128      0.0000      0.0000      0.0000
   -208.8567   -360.1793    317.6432     -0.1927      0.0000      0.0000
    103.1565   -146.4214   -108.0156      0.2875      0.0000      0.0000
    -42.9213   -466.7876     91.5646      0.5477      0.0000      0.0000
     78.6132     76.8033    -76.6767      0.9651      0.0000      0.0000
    186.3540    212.3920   -199.4897     -2.2728      0.0000      0.0000
     69.7184   -332.6716    -60.9804     -2.6101      0.0000      0.0000
     49.7356    -65.9961    -37.3767      0.1441      0.0000      0.0000
     84.9703    -18.4961    -98.9890     -1.4808      0.0000      0.0000
     62.2181    -15.1201    -68.1830     -1.3373      0.0000      0.0000
     30.4963    159.8643    -24.8270     -0.5351      0.0000      0.0000
    -47.3717    -85.4605     80.1338     -3.0247      0.0000      0.0000
     60.4479      9.8019    -65.6969      0.0000      0.0000      0.0000
     91.8477      7.1038   -108.3398     -0.4848      0.0000      0.0000
     73.9099    -29.9071    -84.0742     -1.3963      0.0000      0.0000
     77.9508      4.1799    -89.9206     -2.1186      0.0000      0.0000