
#Fitted antenna positions - Wed Mar 30 17:30:57 2011  ARRAY CONFIG: CARMA D +SZA
# SZA baseline solution on the first day of the move. C18, C19 and C22 have been moved
# derived solutions are for these antennas relative to C16
#C22 moved by ~5 cms
    184.8897   -113.2713   -217.5069      0.0000      0.0000      0.0000
    -30.9569    116.1509     71.1408      0.0000      0.0000      0.0000
     -8.5435   -199.9793     44.3426      0.0000      0.0000      0.0000
    -73.2412   -150.7599    131.8146      0.0000      0.0000      0.0000
   -109.0547    -96.5201    179.1057      0.0000      0.0000      0.0000
     17.9027    142.2625      5.9676      0.0000      0.0000      0.0000
     15.3659    -68.0340      8.9232      0.0000      0.0000      0.0000
     13.7854      0.0000     10.4942      0.0000      0.0000      0.0000
    -12.9565     27.0401     45.9956      0.0000      0.0000      0.0000
     47.5686     -7.9170    -34.8261      0.0000      0.0000      0.0000
    103.5236   -146.3607   -108.6447      0.0000      0.0000      0.0000
     50.0267    -65.6032    -37.9053      0.0000      0.0000      0.0000
     28.8503    -39.4316     -9.5448      0.0000      0.0000      0.0000
     78.9585     77.0514    -77.2329      0.0000      0.0000      0.0000
     37.0234   -139.7827    -19.2035      0.0000      0.0000      0.0000
     85.5710    -17.9784    -99.3188      0.0000      0.0000      0.0000
     62.8124    -14.6031    -68.5104      0.0000      0.0000      0.0000
     31.0921    160.3850    -25.1520      0.2215      0.0000      0.0000
    -46.7749    -84.9452     79.8067     -1.8355      0.0000      0.0000
     61.0455     10.3225    -66.0229      0.0000      0.0000      0.0000
     92.4540      7.6186   -108.6804      0.0000      0.0000      0.0000
     73.4430    -52.2709    -82.9452     -2.2342      0.0000      0.0000
     78.5449      4.7013    -90.2440      0.0000      0.0000      0.0000
