#Fitted antenna positions - Tue Dec 13 16:10:24 2011                            
    549.2123    374.1635   -698.0263      3.1287      0.0000      0.0000
    383.4856  -1579.8940   -329.8328      0.0000      0.0000      0.0000
   1991.5887  -1241.5354  -2644.4497      0.0000      0.0000      0.0000
  -1190.1147   -788.7718   1665.2943      0.0000      0.0000      0.0000
   -566.9725    642.3734    788.7332      0.0000      0.0000      0.0000
    850.6429  -4527.1299   -829.6248      0.0000      0.0000      0.0000
    336.6347  -3180.1860   -294.8408      0.0000      0.0000      0.0000
   -196.9153  -1521.3088    416.5541      0.0000      0.0000      0.0000
   -429.5434   -943.8423    645.8373      0.0000      0.0000      0.0000
   -952.5247  -1095.1204   1348.1669      0.0000      0.0000      0.0000
    369.1271   -738.6652   -429.3203      0.0000      0.0000      0.0000
  -1235.4636  -4204.8384   1862.6272      0.0000      0.0000      0.0000
   1645.0553  -2289.7148  -2064.5374      0.0000      0.0000      0.0000
   1336.9485   -919.8508  -1742.8730      0.0000      0.0000      0.0000
   -725.1887  -3434.9153   1133.9313      0.0000      0.0000      0.0000
  -1192.7318  -4196.2393   1791.3176      0.0000      0.0000      0.0000
   1976.1328  -1173.8020  -2638.3794      0.0000      0.0000      0.0000
    571.7457    307.5490   -743.1923      0.0000      0.0000      0.0000
    310.2800  -3254.2517   -271.3387      0.0000      0.0000      0.0000
   -574.2903    561.9109    791.4167      0.0000      0.0000      0.0000
    381.4346  -1660.7167   -345.5848      0.0000      0.0000      0.0000
    823.9224  -4453.4888   -820.3148      0.0000      0.0000      0.0000
  -1188.2585   -868.8908   1639.5098      0.0000      0.0000      0.0000
