#Fitted antenna positions - Wed Dec  7 10:54:52 2011                            
    549.2122    374.1627   -698.0259      0.0000      0.0000      0.0000
    383.4855  -1579.8942   -329.8326      0.0000      0.0000      0.0000
   1991.5854  -1241.5364  -2644.4526      0.0000      0.0000      0.0000
  -1190.1146   -788.7725   1665.2941      0.0000      0.0000      0.0000
   -566.9731    642.3726    788.7323      0.0000      0.0000      0.0000
    850.6428  -4527.1299   -829.6266      0.0000      0.0000      0.0000
    336.6334  -3180.1865   -294.8429      0.0000      0.0000      0.0000
   -196.9153  -1521.3088    416.5541      0.0000      0.0000      0.0000
   -429.5433   -943.8425    645.8373      0.0000      0.0000      0.0000
   -952.5242  -1095.1207   1348.1667      0.0000      0.0000      0.0000
    369.1269   -738.6656   -429.3199      0.0000      0.0000      0.0000
  -1235.4637  -4204.8384   1862.6257      0.0000      0.0000      0.0000
   1645.0549  -2289.7148  -2064.5386      0.0000      0.0000      0.0000
   1336.9482   -919.8508  -1742.8728      0.0000      0.0000      0.0000
   -725.1883  -3434.9153   1133.9310      0.0000      0.0000      0.0000
  -1192.7318  -4196.2393   1791.3176      0.0000      0.0000      0.0000
   1976.1337  -1173.8024  -2638.3799      0.0000      0.0000      0.0000
    571.7457    307.5490   -743.1923      0.0000      0.0000      0.0000
    310.1233  -3254.1160   -271.3545      0.0000      0.0000      0.0000
   -574.3417    562.0467    791.4847      0.0000      0.0000      0.0000
    381.4346  -1660.7167   -345.5848      0.0000      0.0000      0.0000
    823.9327  -4453.4863   -820.3154     -1.4037      0.0000      0.0000
  -1188.2585   -868.8908   1639.5098      0.0000      0.0000      0.0000
