#Fitted antenna positions - Sun Mar  8 15:24:23 2015                            
    184.4586   -113.2637   -216.9155      0.0734      0.0000      0.0000
    -31.3067    116.1754     71.6334      0.0000      0.0000      0.0000
     -8.9663   -199.9831     44.9229     -0.0058      0.0000      0.0000
     17.4502    142.2478      6.5559     -0.6686      0.0000      0.0000
   -109.4563    -96.5209    179.6565      0.3954      0.0000      0.0000
    -73.6013   -150.7463    132.3449      0.3472      0.0000      0.0000
     14.9397    -68.0552      9.5014      0.3349      0.0000      0.0000
     13.8299      0.0000     10.4576      0.0000      0.0000      0.0000
    -13.4317     27.0239     46.6394     -0.0137      0.0000      0.0000
     36.5902   -139.7281    -18.6072      0.0000      0.0000      0.0000
     49.5785    -65.5936    -37.2856      0.1862      0.0000      0.0000
     31.1241     39.1823    -12.9123      0.0000      0.0000      0.0000
     28.3854    -39.4607     -8.9123      0.2761      0.0000      0.0000
    -57.6371    -64.7628    107.1823      0.3519      0.0000      0.0000
     78.4560     77.0605    -76.6177     -0.2457      0.0000      0.0000
     85.1348    -17.9744    -98.7192      0.0000      0.0000      0.0000
     60.6008     10.3238    -65.4328      0.0000      0.0000      0.0000
     62.3704    -14.5970    -67.9001      0.0000      0.0000      0.0000
     69.3594      6.6903    -77.5128      0.0000      0.0000      0.0000
     74.0831    -29.3957    -83.8087      0.0000      0.0000      0.0000
     92.0147      7.6312   -108.0708      0.0000      0.0000      0.0000
     74.3657    -12.7374    -84.3025      0.0000      0.0000      0.0000
     78.1065      4.7017    -89.6425      0.0000      0.0000      0.0000
