#Fitted antenna positions - Fri Oct 11 13:10:57 2013                            
   -103.8192    291.9478    169.9503      1.2271      0.0000      0.0000
    439.6440   -242.5802   -562.0794     -1.0452      0.0000      0.0000
     -8.9709   -199.9454     44.8050     -4.8111      0.0000      0.0000
     32.5660    376.8457     10.0621      3.0695      0.0000      0.0000
    237.4933   -399.0599   -287.2544      2.0774      0.0000      0.0000
   -296.7155   -223.4419    438.5021      0.8433      0.0000      0.0000
    247.2174    -70.0209   -304.3448      0.0000      0.0000      0.0000
     13.8086     -0.0034     10.3637      0.0000      0.0000      0.0000
     69.5245   -332.4154    -61.0150      0.3047      0.0000      0.0000
    -43.0641   -466.4288     91.4780     -0.4184      0.0000      0.0000
     49.5911    -65.6049    -37.4280      0.0000      0.0000      0.0000
    -37.2321     78.0247     78.7756      1.9674      0.0000      0.0000
    186.2020    212.6576   -199.5563     -1.1234      0.0000      0.0000
     78.5123     77.0685    -76.7481      0.1407      0.0000      0.0000
   -209.0013   -359.9362    317.5277      1.3406      0.0000      0.0000
     85.1458    -17.9609    -98.8615     -3.5486      0.0000      0.0000
     62.3852    -14.5774    -68.0507     -1.4273      0.0000      0.0000
     96.9374   -146.2446   -112.8579     -4.3901      0.0000      0.0000
    -22.5866    -99.3087     47.7223     -2.6633      0.0000      0.0000
     74.0962    -29.3823    -83.9540     -4.4700      0.0000      0.0000
     69.3758      6.7154    -77.6147      0.0000      0.0000      0.0000
     74.3754    -12.7195    -84.4445     -1.6187      0.0000      0.0000
     78.1180      4.7155    -89.7835      1.6320      0.0000      0.0000
