#Fitted antenna positions - Sat Oct  9 11:21:50 2010
    439.7192   -242.7935   -561.9844     -0.6709      0.0000      0.0000
   -103.6586    291.6672    170.0738      1.4500      0.0000      0.0000
     -8.8397   -200.2313     44.8941      1.1085      0.0000      0.0000
     32.6883    376.5493     10.1648      1.5423      0.0000      0.0000
    237.6166   -399.3414   -287.1549      1.4809      0.0000      0.0000
   -296.5816   -223.6954    438.5868      1.6279      0.0000      0.0000
    247.3118    -70.3248   -304.2117     -0.0732      0.0000      0.0000
     13.8950     -0.2260     10.5128      0.0000      0.0000      0.0000
   -208.8552   -360.1797    317.6440      1.3528      0.0000      0.0000
    103.1564   -146.4210   -108.0154      1.6453      0.0000      0.0000
    -42.9199   -466.7878     91.5650      1.0411      0.0000      0.0000
     78.6131     76.8033    -76.6766      2.3669      0.0000      0.0000
    186.3538    212.3928   -199.4899     -0.8429      0.0000      0.0000
     69.7190   -332.6714    -60.9798      3.1415      0.0000      0.0000
     49.7358    -65.9960    -37.3764     -2.7980      0.0000      0.0000
     84.9739    -18.4939    -98.9899      0.0000      0.0000      0.0000
     62.2241    -15.1172    -68.1800      0.0000      0.0000      0.0000
     30.4999    159.8661    -24.8260      0.0000      0.0000      0.0000
    -47.3682    -85.4587     80.1347      0.0000      0.0000      0.0000
     60.4479      9.8019    -65.6969      0.0000      0.0000      0.0000
     91.8520      7.1056   -108.3401      0.0000      0.0000      0.0000
     73.9134    -29.9053    -84.0744      0.0000      0.0000      0.0000
     77.9519      4.1804    -89.9207      0.0000      0.0000      0.0000