#Fitted antenna positions - Thu Jun 26 17:23:23 2014                            
     50.2055    -65.7467    -36.9655      1.4385      0.0000      0.0000
    -36.5705     77.8204     79.2905      4.3569      0.0000      0.0000
     37.0871   -139.8111    -18.1607      3.0203      0.0000      0.0000
     78.9872     77.0507    -76.2212      0.5102      0.0000      0.0000
    -52.6425     20.0772    100.9754      6.7632      0.0000      0.0000
    -57.1478    -64.7684    107.5566      2.2685      0.0000      0.0000
     14.9399    -68.0554      9.5013     -2.4193      0.0000      0.0000
     13.8299      0.0000     10.4576      0.0000      0.0000      0.0000
    -13.4321     27.0235     46.6396      3.4355      0.0000      0.0000
      7.2562    -27.0624     18.9969     -1.6659      0.0000      0.0000
      5.5051     64.5378     21.2308      9.6743      0.0000      0.0000
     31.1263     39.1834    -12.9114     -2.9533      0.0000      0.0000
     28.3858    -39.4607     -8.9120     -0.5503      0.0000      0.0000
     -7.5038     -4.4626     38.7814      2.4587      0.0000      0.0000
      4.1301     22.5883     23.3167      1.5986      0.0000      0.0000
     85.1318    -17.9740    -98.7206      2.3080      0.0000      0.0000
     62.3685    -14.5912    -67.9106     -0.0379      0.0000      0.0000
     96.9275   -146.2580   -112.7161     -0.0123      0.0000      0.0000
    -22.6013    -99.3223     47.8639      3.1106      0.0000      0.0000
     74.0801    -29.3953    -83.8104      5.9492      0.0000      0.0000
     69.3577      6.6885    -77.5090      0.0000      0.0000      0.0000
     74.3649    -12.7336    -84.3012     -0.3271      0.0000      0.0000
     78.1039      4.7012    -89.6446      0.0000      0.0000      0.0000
